1000 965 
2000 965 
3000 967 
4000 967 
5000 967 
6000 968 
7000 968 
8000 968 
9000 968 
10000 968 
11000 972 
12000 972 
13000 977 
14000 977 
15000 977 
16000 977 
17000 977 
18000 977 
19000 977 
20000 977 
21000 978 
22000 978 
23000 978 
24000 978 
25000 978 
26000 978 
27000 978 
28000 978 
29000 978 
30000 978 
31000 978 
32000 978 
33000 978 
34000 978 
35000 978 
36000 978 
37000 978 
38000 978 
39000 978 
40000 978 
41000 978 
42000 978 
43000 978 
44000 978 
45000 978 
46000 978 
47000 978 
48000 978 
49000 978 
50000 978 
51000 978 
52000 978 
53000 978 
54000 978 
55000 978 
56000 978 
57000 978 
58000 978 
59000 978 
60000 978 
61000 978 
62000 978 
63000 978 
64000 978 
65000 978 
66000 978 
67000 978 
68000 978 
69000 978 
70000 978 
71000 978 
72000 978 
73000 978 
74000 978 
75000 978 
76000 978 
77000 978 
78000 978 
79000 978 
80000 978 
81000 978 
82000 978 
83000 978 
84000 978 
85000 978 
86000 978 
87000 978 
88000 978 
89000 978 
90000 978 
91000 978 
92000 978 
93000 978 
94000 978 
95000 978 
96000 978 
97000 978 
98000 978 
99000 978 
100000 978 
101000 978 
102000 978 
103000 978 
104000 978 
105000 978 
106000 978 
107000 978 
108000 978 
109000 978 
110000 978 
111000 978 
112000 978 
113000 978 
114000 978 
115000 978 
116000 978 
117000 978 
118000 978 
119000 978 
120000 978 
121000 978 
122000 978 
123000 978 
124000 978 
125000 978 
126000 978 
127000 978 
128000 978 
129000 978 
130000 978 
131000 978 
132000 978 
133000 978 
134000 978 
135000 978 
136000 978 
137000 978 
138000 978 
139000 978 
140000 978 
141000 978 
142000 978 
143000 978 
144000 978 
145000 978 
146000 978 
147000 978 
148000 978 
149000 978 
150000 978 
151000 978 
152000 978 
153000 978 
154000 978 
155000 978 
156000 978 
157000 978 
158000 978 
159000 978 
160000 978 
161000 978 
162000 978 
163000 978 
164000 978 
165000 978 
166000 978 
167000 978 
168000 978 
169000 978 
170000 978 
171000 978 
172000 978 
173000 978 
174000 978 
175000 978 
176000 978 
177000 978 
178000 978 
179000 978 
180000 978 
181000 978 
182000 978 
183000 978 
184000 978 
185000 978 
186000 978 
187000 978 
188000 978 
189000 978 
190000 978 
191000 978 
192000 978 
193000 978 
194000 978 
195000 978 
196000 978 
197000 978 
198000 978 
199000 978 
200000 978 
201000 978 
202000 978 
203000 978 
204000 978 
205000 978 
206000 978 
207000 978 
208000 978 
209000 978 
210000 978 
211000 978 
212000 978 
213000 978 
214000 978 
215000 978 
216000 978 
217000 978 
218000 978 
219000 978 
220000 978 
221000 978 
222000 978 
223000 978 
224000 978 
225000 978 
226000 978 
227000 978 
228000 978 
229000 980 
230000 980 
231000 980 
232000 980 
233000 980 
234000 980 
235000 980 
236000 980 
237000 980 
238000 980 
239000 980 
240000 980 
241000 980 
242000 980 
243000 980 
244000 980 
245000 980 
246000 980 
247000 980 
248000 980 
249000 980 
250000 980 
1000 969 
2000 971 
3000 971 
4000 971 
5000 971 
6000 971 
7000 971 
8000 971 
9000 971 
10000 971 
11000 971 
12000 971 
13000 971 
14000 971 
15000 971 
16000 971 
17000 971 
18000 971 
19000 971 
20000 971 
21000 971 
22000 971 
23000 971 
24000 972 
25000 972 
26000 972 
27000 972 
28000 972 
29000 972 
30000 972 
31000 972 
32000 972 
33000 972 
34000 972 
35000 972 
36000 972 
37000 972 
38000 972 
39000 972 
40000 972 
41000 972 
42000 972 
43000 972 
44000 972 
45000 972 
46000 972 
47000 972 
48000 972 
49000 972 
50000 972 
51000 972 
52000 972 
53000 972 
54000 972 
55000 972 
56000 972 
57000 972 
58000 972 
59000 972 
60000 972 
61000 972 
62000 972 
63000 972 
64000 972 
65000 972 
66000 972 
67000 972 
68000 972 
69000 972 
70000 972 
71000 972 
72000 972 
73000 972 
74000 972 
75000 972 
76000 972 
77000 972 
78000 972 
79000 972 
80000 972 
81000 972 
82000 972 
83000 972 
84000 972 
85000 972 
86000 972 
87000 975 
88000 975 
89000 976 
90000 976 
91000 976 
92000 976 
93000 976 
94000 976 
95000 976 
96000 976 
97000 976 
98000 976 
99000 976 
100000 976 
101000 976 
102000 976 
103000 976 
104000 976 
105000 976 
106000 976 
107000 976 
108000 976 
109000 976 
110000 976 
111000 976 
112000 976 
113000 976 
114000 976 
115000 976 
116000 976 
117000 976 
118000 976 
119000 976 
120000 976 
121000 976 
122000 976 
123000 976 
124000 976 
125000 976 
126000 976 
127000 976 
128000 976 
129000 976 
130000 976 
131000 976 
132000 976 
133000 976 
134000 976 
135000 976 
136000 976 
137000 976 
138000 976 
139000 976 
140000 976 
141000 976 
142000 976 
143000 976 
144000 976 
145000 976 
146000 976 
147000 976 
148000 976 
149000 976 
150000 976 
151000 976 
152000 976 
153000 976 
154000 976 
155000 976 
156000 976 
157000 976 
158000 976 
159000 976 
160000 976 
161000 976 
162000 976 
163000 976 
164000 976 
165000 976 
166000 976 
167000 976 
168000 976 
169000 976 
170000 976 
171000 976 
172000 976 
173000 976 
174000 976 
175000 976 
176000 976 
177000 976 
178000 976 
179000 976 
180000 978 
181000 978 
182000 978 
183000 978 
184000 978 
185000 978 
186000 978 
187000 978 
188000 978 
189000 978 
190000 978 
191000 978 
192000 978 
193000 978 
194000 978 
195000 978 
196000 978 
197000 978 
198000 978 
199000 978 
200000 978 
201000 978 
202000 978 
203000 978 
204000 978 
205000 978 
206000 978 
207000 978 
208000 978 
209000 978 
210000 978 
211000 978 
212000 978 
213000 978 
214000 978 
215000 978 
216000 978 
217000 978 
218000 978 
219000 978 
220000 978 
221000 978 
222000 978 
223000 978 
224000 978 
225000 978 
226000 978 
227000 978 
228000 978 
229000 978 
230000 978 
231000 978 
232000 978 
233000 978 
234000 978 
235000 978 
236000 978 
237000 978 
238000 978 
239000 978 
240000 978 
241000 978 
242000 978 
243000 978 
244000 978 
245000 978 
246000 978 
247000 978 
248000 978 
249000 978 
