1000 958 
2000 963 
3000 964 
4000 964 
5000 965 
6000 965 
7000 965 
8000 969 
9000 969 
10000 969 
11000 969 
12000 969 
13000 969 
14000 969 
15000 969 
16000 969 
17000 969 
18000 969 
19000 973 
20000 973 
21000 973 
22000 973 
23000 973 
24000 973 
25000 973 
26000 973 
27000 973 
28000 973 
29000 973 
30000 973 
31000 973 
32000 973 
33000 973 
34000 973 
35000 973 
36000 973 
37000 973 
38000 973 
39000 973 
40000 973 
41000 973 
42000 973 
43000 973 
44000 973 
45000 973 
46000 973 
47000 973 
48000 973 
49000 973 
50000 973 
51000 973 
52000 973 
53000 973 
54000 973 
55000 973 
56000 973 
57000 973 
58000 973 
59000 973 
60000 973 
61000 973 
62000 973 
63000 973 
64000 973 
65000 973 
66000 973 
67000 973 
68000 973 
69000 973 
70000 973 
71000 973 
72000 973 
73000 973 
74000 973 
75000 973 
76000 973 
77000 973 
78000 973 
79000 973 
80000 973 
81000 973 
82000 973 
83000 973 
84000 973 
85000 973 
86000 973 
87000 973 
88000 973 
89000 973 
90000 973 
91000 973 
92000 973 
93000 973 
94000 973 
95000 973 
96000 973 
97000 973 
98000 973 
99000 973 
100000 973 
101000 973 
102000 973 
103000 974 
104000 974 
105000 974 
106000 974 
107000 974 
108000 974 
109000 974 
110000 974 
111000 974 
112000 974 
113000 974 
114000 974 
115000 974 
116000 974 
117000 974 
118000 974 
119000 974 
120000 974 
121000 974 
122000 974 
123000 974 
124000 974 
125000 974 
126000 974 
127000 974 
128000 974 
129000 974 
130000 974 
131000 974 
132000 974 
133000 974 
134000 974 
135000 974 
136000 974 
137000 974 
138000 974 
139000 974 
140000 974 
141000 974 
142000 974 
143000 974 
144000 974 
145000 974 
146000 974 
147000 974 
148000 974 
149000 974 
150000 974 
151000 974 
152000 974 
153000 974 
154000 974 
155000 974 
156000 974 
157000 974 
158000 974 
159000 974 
160000 974 
161000 974 
162000 974 
163000 974 
164000 974 
165000 974 
166000 974 
167000 974 
168000 974 
169000 974 
170000 974 
171000 974 
172000 974 
173000 974 
174000 974 
175000 974 
176000 974 
177000 974 
178000 974 
179000 974 
180000 974 
181000 974 
182000 974 
183000 974 
184000 974 
185000 974 
186000 974 
187000 974 
188000 974 
189000 974 
190000 974 
191000 974 
192000 974 
193000 974 
194000 974 
195000 974 
196000 974 
197000 974 
198000 974 
199000 974 
200000 974 
201000 974 
202000 974 
203000 974 
204000 974 
205000 974 
206000 974 
207000 974 
208000 974 
209000 974 
210000 974 
211000 974 
212000 974 
213000 974 
214000 974 
215000 974 
216000 974 
217000 974 
218000 974 
219000 974 
220000 974 
221000 974 
222000 974 
223000 974 
224000 974 
225000 974 
226000 974 
227000 974 
228000 974 
229000 974 
230000 974 
231000 974 
232000 974 
233000 974 
234000 974 
235000 974 
236000 974 
237000 974 
238000 974 
239000 974 
240000 974 
241000 974 
242000 974 
243000 974 
244000 974 
245000 974 
246000 974 
247000 974 
248000 974 
249000 974 
250000 974 
1000 965 
2000 965 
3000 965 
4000 965 
5000 965 
6000 965 
7000 968 
8000 972 
9000 974 
10000 974 
11000 976 
12000 976 
13000 976 
14000 976 
15000 976 
16000 976 
17000 976 
18000 976 
19000 976 
20000 976 
21000 976 
22000 976 
23000 976 
24000 976 
25000 976 
26000 976 
27000 976 
28000 976 
29000 976 
30000 976 
31000 976 
32000 976 
33000 976 
34000 976 
35000 976 
36000 978 
37000 978 
38000 978 
39000 978 
40000 978 
41000 978 
42000 978 
43000 978 
44000 978 
45000 978 
46000 978 
47000 978 
48000 978 
49000 978 
50000 978 
51000 978 
52000 978 
53000 978 
54000 978 
55000 978 
56000 978 
57000 978 
58000 978 
59000 978 
60000 978 
61000 978 
62000 978 
63000 978 
64000 978 
65000 978 
66000 978 
67000 978 
68000 978 
69000 978 
70000 978 
71000 978 
72000 978 
73000 978 
74000 978 
75000 978 
76000 978 
77000 978 
78000 978 
79000 978 
80000 978 
81000 978 
82000 978 
83000 978 
84000 978 
85000 978 
86000 978 
87000 978 
88000 978 
89000 978 
90000 978 
91000 978 
92000 978 
93000 978 
94000 978 
95000 978 
96000 978 
97000 978 
98000 978 
99000 978 
100000 978 
101000 978 
102000 978 
103000 978 
104000 978 
105000 978 
106000 978 
107000 978 
108000 978 
109000 978 
110000 978 
111000 978 
112000 978 
113000 978 
114000 978 
115000 978 
116000 978 
117000 978 
118000 978 
119000 978 
120000 978 
121000 978 
122000 978 
123000 978 
124000 978 
125000 978 
126000 978 
127000 978 
128000 978 
129000 978 
130000 978 
131000 978 
132000 978 
133000 978 
134000 978 
135000 978 
136000 978 
137000 978 
138000 978 
139000 978 
140000 978 
141000 978 
142000 978 
143000 978 
144000 978 
145000 978 
146000 978 
147000 978 
148000 978 
149000 978 
150000 978 
151000 978 
152000 978 
153000 978 
154000 978 
155000 978 
156000 978 
157000 978 
158000 978 
159000 978 
160000 978 
161000 978 
162000 978 
163000 978 
164000 978 
165000 978 
166000 978 
167000 978 
168000 978 
169000 978 
170000 978 
171000 978 
172000 978 
173000 978 
174000 978 
175000 978 
176000 978 
177000 978 
178000 978 
179000 978 
180000 978 
181000 978 
182000 978 
183000 978 
184000 978 
185000 978 
186000 978 
187000 978 
188000 978 
189000 978 
190000 978 
191000 978 
192000 978 
193000 978 
194000 978 
195000 978 
196000 978 
197000 978 
198000 978 
199000 978 
200000 978 
201000 978 
202000 978 
203000 978 
204000 978 
205000 978 
206000 978 
207000 978 
208000 978 
209000 978 
210000 978 
211000 978 
212000 978 
213000 978 
214000 978 
215000 978 
216000 978 
217000 978 
218000 978 
219000 978 
220000 978 
221000 978 
222000 978 
223000 978 
224000 978 
225000 978 
226000 978 
227000 978 
228000 978 
229000 978 
230000 978 
231000 978 
232000 978 
233000 978 
234000 978 
235000 978 
236000 978 
237000 978 
238000 978 
239000 978 
240000 978 
241000 978 
242000 978 
243000 978 
244000 978 
245000 978 
246000 978 
247000 978 
248000 978 
249000 978 
