1000 966 
2000 966 
3000 966 
4000 969 
5000 969 
6000 969 
7000 969 
8000 970 
9000 970 
10000 970 
11000 970 
12000 970 
13000 970 
14000 970 
15000 970 
16000 970 
17000 970 
18000 970 
19000 970 
20000 970 
21000 977 
22000 977 
23000 977 
24000 977 
25000 977 
26000 977 
27000 977 
28000 977 
29000 977 
30000 977 
31000 977 
32000 977 
33000 977 
34000 977 
35000 977 
36000 977 
37000 977 
38000 977 
39000 977 
40000 977 
41000 977 
42000 977 
43000 977 
44000 977 
45000 977 
46000 977 
47000 977 
48000 977 
49000 977 
50000 977 
51000 977 
52000 977 
53000 977 
54000 977 
55000 977 
56000 977 
57000 977 
58000 977 
59000 977 
60000 977 
61000 977 
62000 977 
63000 977 
64000 977 
65000 977 
66000 977 
67000 977 
68000 977 
69000 977 
70000 977 
71000 977 
72000 977 
73000 977 
74000 977 
75000 977 
76000 977 
77000 977 
78000 977 
79000 977 
80000 977 
81000 977 
82000 977 
83000 977 
84000 977 
85000 977 
86000 977 
87000 977 
88000 977 
89000 977 
90000 977 
91000 977 
92000 977 
93000 977 
94000 977 
95000 977 
96000 977 
97000 977 
98000 977 
99000 977 
100000 977 
101000 977 
102000 977 
103000 977 
104000 977 
105000 977 
106000 977 
107000 977 
108000 977 
109000 977 
110000 977 
111000 977 
112000 977 
113000 977 
114000 977 
115000 977 
116000 977 
117000 977 
118000 977 
119000 977 
120000 977 
121000 977 
122000 977 
123000 977 
124000 977 
125000 977 
126000 977 
127000 977 
128000 977 
129000 977 
130000 977 
131000 977 
132000 977 
133000 977 
134000 977 
135000 977 
136000 977 
137000 977 
138000 977 
139000 977 
140000 977 
141000 977 
142000 977 
143000 977 
144000 977 
145000 977 
146000 977 
147000 977 
148000 977 
149000 977 
150000 977 
151000 977 
152000 977 
153000 977 
154000 977 
155000 977 
156000 977 
157000 977 
158000 977 
159000 977 
160000 977 
161000 977 
162000 977 
163000 977 
164000 977 
165000 977 
166000 977 
167000 977 
168000 977 
169000 977 
170000 977 
171000 977 
172000 977 
173000 977 
174000 977 
175000 977 
176000 977 
177000 977 
178000 977 
179000 977 
180000 977 
181000 977 
182000 977 
183000 977 
184000 977 
185000 977 
186000 977 
187000 977 
188000 977 
189000 977 
190000 977 
191000 977 
192000 977 
193000 977 
194000 977 
195000 977 
196000 977 
197000 977 
198000 977 
199000 977 
200000 977 
201000 977 
202000 977 
203000 977 
204000 977 
205000 977 
206000 977 
207000 977 
208000 977 
209000 977 
210000 977 
211000 977 
212000 977 
213000 977 
214000 977 
215000 977 
216000 977 
217000 977 
218000 977 
219000 977 
220000 983 
221000 983 
222000 983 
223000 983 
224000 983 
225000 983 
226000 983 
227000 983 
228000 983 
229000 983 
230000 983 
231000 983 
232000 983 
233000 983 
234000 983 
235000 983 
236000 983 
237000 983 
238000 983 
239000 983 
240000 983 
241000 983 
242000 983 
243000 983 
244000 983 
245000 983 
246000 983 
247000 983 
248000 983 
249000 983 
250000 983 
1000 969 
2000 969 
3000 969 
4000 969 
5000 969 
6000 969 
7000 973 
8000 975 
9000 975 
10000 975 
11000 975 
12000 975 
13000 975 
14000 975 
15000 975 
16000 975 
17000 975 
18000 975 
19000 975 
20000 975 
21000 975 
22000 975 
23000 975 
24000 975 
25000 975 
26000 975 
27000 975 
28000 975 
29000 975 
30000 975 
31000 975 
32000 978 
33000 978 
34000 978 
35000 978 
36000 978 
37000 978 
38000 978 
39000 978 
40000 978 
41000 978 
42000 978 
43000 978 
44000 978 
45000 978 
46000 978 
47000 978 
48000 978 
49000 978 
50000 978 
51000 978 
52000 978 
53000 978 
54000 978 
55000 978 
56000 978 
57000 978 
58000 978 
59000 978 
60000 978 
61000 978 
62000 978 
63000 978 
64000 978 
65000 978 
66000 978 
67000 978 
68000 978 
69000 978 
70000 978 
71000 978 
72000 978 
73000 978 
74000 978 
75000 978 
76000 978 
77000 978 
78000 978 
79000 978 
80000 978 
81000 978 
82000 978 
83000 978 
84000 978 
85000 978 
86000 978 
87000 978 
88000 978 
89000 978 
90000 978 
91000 978 
92000 978 
93000 978 
94000 978 
95000 978 
96000 978 
97000 978 
98000 978 
99000 978 
100000 978 
101000 978 
102000 978 
103000 978 
104000 978 
105000 978 
106000 978 
107000 978 
108000 978 
109000 978 
110000 978 
111000 978 
112000 978 
113000 978 
114000 978 
115000 978 
116000 978 
117000 978 
118000 978 
119000 978 
120000 978 
121000 978 
122000 978 
123000 978 
124000 978 
125000 978 
126000 978 
127000 978 
128000 978 
129000 978 
130000 978 
131000 978 
132000 978 
133000 978 
134000 978 
135000 978 
136000 978 
137000 978 
138000 978 
139000 978 
140000 978 
141000 978 
142000 978 
143000 978 
144000 978 
145000 978 
146000 978 
147000 978 
148000 978 
149000 978 
150000 978 
151000 978 
152000 978 
153000 978 
154000 978 
155000 978 
156000 978 
157000 978 
158000 978 
159000 978 
160000 978 
161000 978 
162000 978 
163000 978 
164000 978 
165000 978 
166000 978 
167000 978 
168000 978 
169000 978 
170000 978 
171000 978 
172000 978 
173000 978 
174000 978 
175000 978 
176000 978 
177000 978 
178000 978 
179000 978 
180000 978 
181000 978 
182000 978 
183000 978 
184000 978 
185000 978 
186000 978 
187000 978 
188000 978 
189000 978 
190000 978 
191000 978 
192000 978 
193000 978 
194000 978 
195000 978 
196000 978 
197000 978 
198000 978 
199000 978 
200000 978 
201000 978 
202000 978 
203000 978 
204000 978 
205000 978 
206000 978 
207000 978 
208000 978 
209000 978 
210000 978 
211000 978 
212000 978 
213000 978 
214000 978 
215000 978 
216000 978 
217000 978 
218000 978 
219000 978 
220000 978 
221000 978 
222000 978 
223000 978 
224000 978 
225000 978 
226000 978 
227000 978 
228000 978 
229000 978 
230000 978 
231000 978 
232000 978 
233000 978 
234000 978 
235000 978 
236000 978 
237000 978 
238000 978 
239000 978 
240000 978 
241000 978 
242000 978 
243000 978 
244000 978 
245000 978 
246000 978 
247000 978 
248000 978 
249000 978 
