1000 976 
2000 976 
3000 976 
4000 976 
5000 976 
6000 976 
7000 976 
8000 976 
9000 976 
10000 976 
11000 976 
12000 976 
13000 976 
14000 976 
15000 976 
16000 976 
17000 976 
18000 976 
19000 976 
20000 976 
21000 985 
22000 985 
23000 985 
24000 985 
25000 985 
26000 985 
27000 985 
28000 985 
29000 985 
30000 985 
31000 985 
32000 985 
33000 985 
34000 985 
35000 985 
36000 985 
37000 985 
38000 985 
39000 985 
40000 985 
41000 985 
42000 985 
43000 985 
44000 985 
45000 985 
46000 985 
47000 985 
48000 985 
49000 985 
50000 985 
51000 985 
52000 985 
53000 985 
54000 985 
55000 985 
56000 985 
57000 985 
58000 985 
59000 985 
60000 985 
61000 985 
62000 985 
63000 985 
64000 985 
65000 985 
66000 985 
67000 985 
68000 985 
69000 985 
70000 985 
71000 985 
72000 985 
73000 985 
74000 985 
75000 985 
76000 985 
77000 985 
78000 985 
79000 985 
80000 985 
81000 985 
82000 985 
83000 985 
84000 985 
85000 985 
86000 985 
87000 985 
88000 985 
89000 985 
90000 985 
91000 985 
92000 985 
93000 985 
94000 985 
95000 985 
96000 985 
97000 985 
98000 985 
99000 985 
100000 985 
101000 985 
102000 985 
103000 985 
104000 985 
105000 985 
106000 985 
107000 985 
108000 985 
109000 985 
110000 985 
111000 985 
112000 985 
113000 985 
114000 985 
115000 985 
116000 985 
117000 985 
118000 985 
119000 985 
120000 985 
121000 985 
122000 985 
123000 985 
124000 985 
125000 985 
126000 985 
127000 985 
128000 985 
129000 985 
130000 985 
131000 985 
132000 985 
133000 985 
134000 985 
135000 985 
136000 985 
137000 985 
138000 985 
139000 985 
140000 985 
141000 985 
142000 985 
143000 985 
144000 985 
145000 985 
146000 985 
147000 985 
148000 985 
149000 985 
150000 985 
151000 985 
152000 985 
153000 985 
154000 985 
155000 985 
156000 985 
157000 985 
158000 985 
159000 985 
160000 985 
161000 985 
162000 985 
163000 985 
164000 985 
165000 985 
166000 985 
167000 985 
168000 985 
169000 985 
170000 985 
171000 985 
172000 985 
173000 985 
174000 985 
175000 985 
176000 985 
177000 985 
178000 985 
179000 985 
180000 985 
181000 985 
182000 985 
183000 985 
184000 985 
185000 985 
186000 985 
187000 985 
188000 985 
189000 985 
190000 985 
191000 985 
192000 985 
193000 985 
194000 985 
195000 985 
196000 985 
197000 985 
198000 985 
199000 985 
200000 985 
201000 985 
202000 985 
203000 985 
204000 985 
205000 985 
206000 985 
207000 985 
208000 985 
209000 985 
210000 985 
211000 985 
212000 985 
213000 985 
214000 985 
215000 985 
216000 985 
217000 985 
218000 985 
219000 985 
220000 985 
221000 985 
222000 985 
223000 985 
224000 985 
225000 985 
226000 985 
227000 985 
228000 985 
229000 985 
230000 985 
231000 985 
232000 985 
233000 985 
234000 985 
235000 985 
236000 985 
237000 985 
238000 985 
239000 985 
240000 985 
241000 985 
242000 985 
243000 985 
244000 985 
245000 985 
246000 985 
247000 985 
248000 985 
249000 985 
250000 985 
1000 969 
2000 969 
3000 969 
4000 971 
5000 971 
6000 971 
7000 971 
8000 971 
9000 971 
10000 971 
11000 972 
12000 972 
13000 972 
14000 972 
15000 972 
16000 972 
17000 972 
18000 972 
19000 972 
20000 972 
21000 972 
22000 972 
23000 972 
24000 972 
25000 972 
26000 972 
27000 972 
28000 972 
29000 972 
30000 972 
31000 972 
32000 972 
33000 972 
34000 972 
35000 972 
36000 972 
37000 972 
38000 972 
39000 972 
40000 972 
41000 972 
42000 972 
43000 972 
44000 972 
45000 972 
46000 972 
47000 972 
48000 972 
49000 972 
50000 972 
51000 972 
52000 972 
53000 972 
54000 972 
55000 972 
56000 972 
57000 972 
58000 972 
59000 972 
60000 972 
61000 973 
62000 974 
63000 974 
64000 974 
65000 974 
66000 974 
67000 974 
68000 974 
69000 974 
70000 974 
71000 974 
72000 974 
73000 974 
74000 974 
75000 974 
76000 974 
77000 974 
78000 974 
79000 974 
80000 974 
81000 974 
82000 974 
83000 974 
84000 974 
85000 974 
86000 974 
87000 974 
88000 974 
89000 974 
90000 974 
91000 974 
92000 974 
93000 974 
94000 974 
95000 974 
96000 980 
97000 980 
98000 980 
99000 980 
100000 980 
101000 980 
102000 980 
103000 980 
104000 980 
105000 980 
106000 980 
107000 980 
108000 980 
109000 980 
110000 980 
111000 980 
112000 980 
113000 980 
114000 980 
115000 980 
116000 980 
117000 980 
118000 980 
119000 980 
120000 980 
121000 980 
122000 980 
123000 980 
124000 980 
125000 980 
126000 980 
127000 980 
128000 980 
129000 980 
130000 980 
131000 980 
132000 980 
133000 980 
134000 980 
135000 980 
136000 980 
137000 980 
138000 980 
139000 980 
140000 980 
141000 980 
142000 980 
143000 980 
144000 980 
145000 980 
146000 980 
147000 980 
148000 980 
149000 980 
150000 980 
151000 980 
152000 980 
153000 980 
154000 980 
155000 980 
156000 980 
157000 980 
158000 980 
159000 980 
160000 980 
161000 980 
162000 980 
163000 980 
164000 980 
165000 980 
166000 980 
167000 980 
168000 980 
169000 980 
170000 980 
171000 980 
172000 980 
173000 980 
174000 980 
175000 980 
176000 980 
177000 980 
178000 980 
179000 980 
180000 980 
181000 980 
182000 980 
183000 980 
184000 980 
185000 980 
186000 980 
187000 980 
188000 980 
189000 980 
190000 980 
191000 980 
192000 980 
193000 980 
194000 980 
195000 980 
196000 980 
197000 980 
198000 980 
199000 980 
200000 980 
201000 980 
202000 980 
203000 980 
204000 980 
205000 980 
206000 980 
207000 980 
208000 980 
209000 980 
210000 980 
211000 980 
212000 980 
213000 980 
214000 980 
215000 980 
216000 980 
217000 980 
218000 980 
219000 980 
220000 980 
221000 980 
222000 980 
223000 980 
224000 980 
225000 980 
226000 980 
227000 980 
228000 980 
229000 980 
230000 980 
231000 980 
232000 980 
233000 980 
234000 980 
235000 980 
236000 980 
237000 980 
238000 980 
239000 980 
240000 980 
241000 980 
242000 980 
243000 980 
244000 980 
245000 980 
246000 980 
247000 980 
248000 980 
249000 980 
