1000 964 
2000 968 
3000 968 
4000 976 
5000 976 
6000 976 
7000 976 
8000 976 
9000 976 
10000 976 
11000 976 
12000 976 
13000 976 
14000 976 
15000 976 
16000 976 
17000 976 
18000 976 
19000 976 
20000 976 
21000 976 
22000 976 
23000 976 
24000 976 
25000 976 
26000 976 
27000 976 
28000 976 
29000 976 
30000 976 
31000 976 
32000 976 
33000 976 
34000 976 
35000 976 
36000 976 
37000 976 
38000 976 
39000 976 
40000 976 
41000 976 
42000 976 
43000 976 
44000 976 
45000 976 
46000 976 
47000 976 
48000 976 
49000 976 
50000 976 
51000 976 
52000 976 
53000 976 
54000 976 
55000 976 
56000 976 
57000 976 
58000 976 
59000 976 
60000 976 
61000 976 
62000 976 
63000 976 
64000 976 
65000 976 
66000 976 
67000 976 
68000 976 
69000 976 
70000 976 
71000 976 
72000 977 
73000 977 
74000 977 
75000 977 
76000 977 
77000 977 
78000 977 
79000 977 
80000 977 
81000 977 
82000 977 
83000 977 
84000 977 
85000 977 
86000 977 
87000 977 
88000 977 
89000 977 
90000 977 
91000 977 
92000 977 
93000 977 
94000 977 
95000 977 
96000 977 
97000 977 
98000 977 
99000 977 
100000 977 
101000 977 
102000 977 
103000 977 
104000 977 
105000 977 
106000 977 
107000 977 
108000 977 
109000 977 
110000 977 
111000 977 
112000 977 
113000 977 
114000 977 
115000 977 
116000 977 
117000 977 
118000 977 
119000 977 
120000 977 
121000 977 
122000 977 
123000 977 
124000 977 
125000 977 
126000 977 
127000 977 
128000 977 
129000 977 
130000 977 
131000 977 
132000 977 
133000 977 
134000 977 
135000 977 
136000 977 
137000 977 
138000 977 
139000 977 
140000 977 
141000 977 
142000 977 
143000 977 
144000 977 
145000 977 
146000 977 
147000 977 
148000 977 
149000 977 
150000 977 
151000 977 
152000 977 
153000 977 
154000 977 
155000 977 
156000 977 
157000 977 
158000 977 
159000 977 
160000 977 
161000 977 
162000 977 
163000 977 
164000 977 
165000 977 
166000 977 
167000 977 
168000 977 
169000 977 
170000 977 
171000 977 
172000 977 
173000 977 
174000 977 
175000 977 
176000 977 
177000 977 
178000 977 
179000 977 
180000 977 
181000 977 
182000 977 
183000 977 
184000 977 
185000 977 
186000 977 
187000 977 
188000 977 
189000 977 
190000 977 
191000 977 
192000 977 
193000 977 
194000 977 
195000 977 
196000 977 
197000 977 
198000 977 
199000 977 
200000 977 
201000 977 
202000 977 
203000 977 
204000 977 
205000 977 
206000 977 
207000 977 
208000 977 
209000 977 
210000 977 
211000 977 
212000 977 
213000 977 
214000 977 
215000 977 
216000 977 
217000 977 
218000 977 
219000 977 
220000 977 
221000 977 
222000 977 
223000 977 
224000 977 
225000 977 
226000 977 
227000 977 
228000 977 
229000 977 
230000 977 
231000 977 
232000 977 
233000 977 
234000 977 
235000 977 
236000 977 
237000 977 
238000 977 
239000 977 
240000 977 
241000 977 
242000 977 
243000 977 
244000 977 
245000 977 
246000 977 
247000 977 
248000 977 
249000 977 
250000 977 
1000 966 
2000 970 
3000 970 
4000 970 
5000 974 
6000 974 
7000 974 
8000 974 
9000 974 
10000 974 
11000 974 
12000 974 
13000 974 
14000 974 
15000 974 
16000 974 
17000 974 
18000 974 
19000 974 
20000 974 
21000 974 
22000 974 
23000 974 
24000 974 
25000 974 
26000 974 
27000 974 
28000 974 
29000 974 
30000 974 
31000 974 
32000 974 
33000 974 
34000 974 
35000 981 
36000 981 
37000 981 
38000 981 
39000 981 
40000 981 
41000 981 
42000 981 
43000 981 
44000 981 
45000 981 
46000 981 
47000 981 
48000 981 
49000 981 
50000 981 
51000 981 
52000 981 
53000 981 
54000 981 
55000 981 
56000 981 
57000 981 
58000 981 
59000 981 
60000 981 
61000 981 
62000 981 
63000 981 
64000 981 
65000 981 
66000 981 
67000 981 
68000 981 
69000 981 
70000 981 
71000 981 
72000 981 
73000 981 
74000 981 
75000 981 
76000 981 
77000 981 
78000 981 
79000 981 
80000 981 
81000 981 
82000 981 
83000 981 
84000 981 
85000 981 
86000 981 
87000 981 
88000 981 
89000 981 
90000 981 
91000 981 
92000 981 
93000 981 
94000 981 
95000 981 
96000 981 
97000 981 
98000 981 
99000 981 
100000 981 
101000 981 
102000 981 
103000 981 
104000 981 
105000 981 
106000 981 
107000 981 
108000 981 
109000 981 
110000 981 
111000 981 
112000 981 
113000 981 
114000 981 
115000 981 
116000 981 
117000 981 
118000 981 
119000 981 
120000 981 
121000 981 
122000 981 
123000 981 
124000 981 
125000 981 
126000 981 
127000 981 
128000 981 
129000 981 
130000 981 
131000 981 
132000 981 
133000 981 
134000 981 
135000 981 
136000 981 
137000 981 
138000 981 
139000 981 
140000 981 
141000 981 
142000 981 
143000 981 
144000 981 
145000 981 
146000 981 
147000 981 
148000 981 
149000 981 
150000 981 
151000 981 
152000 981 
153000 981 
154000 981 
155000 981 
156000 981 
157000 981 
158000 981 
159000 981 
160000 981 
161000 981 
162000 981 
163000 981 
164000 981 
165000 981 
166000 981 
167000 981 
168000 981 
169000 981 
170000 981 
171000 981 
172000 981 
173000 981 
174000 981 
175000 981 
176000 981 
177000 981 
178000 981 
179000 981 
180000 981 
181000 981 
182000 981 
183000 981 
184000 981 
185000 981 
186000 981 
187000 981 
188000 981 
189000 981 
190000 981 
191000 981 
192000 981 
193000 981 
194000 981 
195000 981 
196000 981 
197000 981 
198000 981 
199000 981 
200000 981 
201000 981 
202000 981 
203000 981 
204000 981 
205000 981 
206000 981 
207000 981 
208000 981 
209000 981 
210000 981 
211000 981 
212000 981 
213000 981 
214000 981 
215000 981 
216000 981 
217000 981 
218000 981 
219000 981 
220000 981 
221000 981 
222000 981 
223000 981 
224000 981 
225000 981 
226000 981 
227000 981 
228000 981 
229000 981 
230000 981 
231000 981 
232000 981 
233000 981 
234000 981 
235000 981 
236000 981 
237000 981 
238000 981 
239000 981 
240000 981 
241000 981 
242000 981 
243000 981 
244000 981 
245000 981 
246000 981 
247000 981 
248000 981 
249000 981 
