1000 961 
2000 966 
3000 966 
4000 966 
5000 970 
6000 970 
7000 970 
8000 972 
9000 972 
10000 972 
11000 972 
12000 972 
13000 972 
14000 972 
15000 972 
16000 972 
17000 972 
18000 972 
19000 972 
20000 972 
21000 972 
22000 972 
23000 972 
24000 972 
25000 972 
26000 972 
27000 972 
28000 975 
29000 975 
30000 975 
31000 975 
32000 975 
33000 975 
34000 975 
35000 975 
36000 975 
37000 975 
38000 975 
39000 975 
40000 975 
41000 975 
42000 975 
43000 975 
44000 975 
45000 975 
46000 975 
47000 975 
48000 975 
49000 975 
50000 975 
51000 975 
52000 975 
53000 975 
54000 975 
55000 975 
56000 975 
57000 975 
58000 975 
59000 975 
60000 975 
61000 975 
62000 975 
63000 975 
64000 975 
65000 975 
66000 975 
67000 975 
68000 975 
69000 975 
70000 975 
71000 975 
72000 975 
73000 975 
74000 975 
75000 975 
76000 975 
77000 975 
78000 975 
79000 975 
80000 975 
81000 975 
82000 975 
83000 975 
84000 975 
85000 975 
86000 975 
87000 975 
88000 975 
89000 975 
90000 975 
91000 975 
92000 975 
93000 975 
94000 975 
95000 975 
96000 975 
97000 975 
98000 975 
99000 975 
100000 975 
101000 975 
102000 975 
103000 975 
104000 975 
105000 975 
106000 975 
107000 975 
108000 975 
109000 975 
110000 975 
111000 975 
112000 975 
113000 975 
114000 975 
115000 975 
116000 975 
117000 975 
118000 976 
119000 976 
120000 976 
121000 976 
122000 976 
123000 976 
124000 976 
125000 976 
126000 976 
127000 976 
128000 976 
129000 976 
130000 976 
131000 976 
132000 976 
133000 976 
134000 976 
135000 976 
136000 976 
137000 978 
138000 978 
139000 978 
140000 978 
141000 978 
142000 978 
143000 978 
144000 978 
145000 978 
146000 978 
147000 978 
148000 978 
149000 978 
150000 978 
151000 978 
152000 978 
153000 978 
154000 978 
155000 978 
156000 978 
157000 978 
158000 978 
159000 978 
160000 978 
161000 978 
162000 978 
163000 978 
164000 978 
165000 978 
166000 978 
167000 978 
168000 978 
169000 978 
170000 978 
171000 978 
172000 978 
173000 978 
174000 978 
175000 978 
176000 978 
177000 978 
178000 978 
179000 978 
180000 978 
181000 978 
182000 978 
183000 978 
184000 978 
185000 978 
186000 978 
187000 978 
188000 978 
189000 978 
190000 978 
191000 978 
192000 978 
193000 978 
194000 978 
195000 978 
196000 978 
197000 978 
198000 978 
199000 978 
200000 978 
201000 978 
202000 978 
203000 978 
204000 978 
205000 978 
206000 978 
207000 978 
208000 978 
209000 978 
210000 978 
211000 978 
212000 978 
213000 978 
214000 978 
215000 978 
216000 978 
217000 978 
218000 978 
219000 978 
220000 978 
221000 978 
222000 978 
223000 978 
224000 978 
225000 978 
226000 978 
227000 978 
228000 978 
229000 978 
230000 978 
231000 978 
232000 978 
233000 978 
234000 978 
235000 978 
236000 978 
237000 978 
238000 978 
239000 978 
240000 978 
241000 978 
242000 978 
243000 978 
244000 978 
245000 978 
246000 978 
247000 978 
248000 978 
249000 978 
250000 978 
1000 961 
2000 966 
3000 967 
4000 967 
5000 967 
6000 968 
7000 968 
8000 968 
9000 968 
10000 968 
11000 968 
12000 970 
13000 970 
14000 970 
15000 970 
16000 973 
17000 973 
18000 975 
19000 975 
20000 975 
21000 975 
22000 975 
23000 975 
24000 975 
25000 975 
26000 975 
27000 977 
28000 977 
29000 977 
30000 977 
31000 977 
32000 978 
33000 978 
34000 978 
35000 978 
36000 978 
37000 978 
38000 978 
39000 978 
40000 978 
41000 978 
42000 978 
43000 978 
44000 978 
45000 978 
46000 978 
47000 978 
48000 978 
49000 978 
50000 978 
51000 978 
52000 978 
53000 978 
54000 978 
55000 978 
56000 978 
57000 978 
58000 978 
59000 978 
60000 978 
61000 978 
62000 978 
63000 978 
64000 978 
65000 978 
66000 978 
67000 978 
68000 978 
69000 978 
70000 978 
71000 978 
72000 978 
73000 978 
74000 978 
75000 978 
76000 978 
77000 978 
78000 978 
79000 978 
80000 978 
81000 978 
82000 978 
83000 978 
84000 978 
85000 978 
86000 978 
87000 978 
88000 978 
89000 978 
90000 978 
91000 978 
92000 978 
93000 978 
94000 978 
95000 978 
96000 978 
97000 978 
98000 978 
99000 978 
100000 978 
101000 978 
102000 978 
103000 978 
104000 978 
105000 978 
106000 978 
107000 978 
108000 978 
109000 978 
110000 978 
111000 978 
112000 978 
113000 978 
114000 978 
115000 978 
116000 978 
117000 978 
118000 978 
119000 978 
120000 978 
121000 978 
122000 978 
123000 978 
124000 978 
125000 978 
126000 978 
127000 978 
128000 978 
129000 978 
130000 978 
131000 978 
132000 978 
133000 978 
134000 978 
135000 978 
136000 978 
137000 978 
138000 978 
139000 978 
140000 978 
141000 978 
142000 978 
143000 978 
144000 978 
145000 978 
146000 978 
147000 978 
148000 978 
149000 978 
150000 978 
151000 978 
152000 978 
153000 978 
154000 978 
155000 978 
156000 978 
157000 978 
158000 978 
159000 978 
160000 978 
161000 978 
162000 978 
163000 978 
164000 978 
165000 978 
166000 978 
167000 978 
168000 978 
169000 978 
170000 978 
171000 978 
172000 978 
173000 978 
174000 978 
175000 978 
176000 978 
177000 978 
178000 978 
179000 978 
180000 978 
181000 978 
182000 978 
183000 978 
184000 978 
185000 978 
186000 978 
187000 978 
188000 978 
189000 978 
190000 978 
191000 978 
192000 978 
193000 978 
194000 978 
195000 978 
196000 978 
197000 978 
198000 978 
199000 978 
200000 978 
201000 978 
202000 978 
203000 978 
204000 978 
205000 978 
206000 978 
207000 978 
208000 978 
209000 978 
210000 978 
211000 978 
212000 978 
213000 978 
214000 978 
215000 978 
216000 978 
217000 978 
218000 978 
219000 978 
220000 978 
221000 978 
222000 978 
223000 978 
224000 978 
225000 978 
226000 978 
227000 978 
228000 978 
229000 978 
230000 978 
231000 978 
232000 978 
233000 978 
234000 978 
235000 978 
236000 978 
237000 978 
238000 978 
239000 978 
240000 978 
241000 978 
242000 978 
243000 978 
244000 978 
245000 978 
246000 978 
247000 978 
248000 978 
249000 978 
