uf20-01.cnf
uf100-01.cnf
uf250-01.cnf
0 0 
100 82 
200 82 
300 75 
400 82 
500 75 
600 80 
700 79 
800 80 
900 77 
1000 86 
1100 76 
1200 79 
1300 80 
1400 79 
1500 83 
1600 77 
1700 85 
1800 80 
1900 82 
2000 78 
2100 85 
2200 81 
2300 83 
2400 82 
2500 81 
2600 83 
2700 79 
2800 72 
2900 83 
3000 80 
3100 80 
3200 84 
3300 78 
3400 79 
3500 72 
3600 81 
3700 79 
3800 81 
3900 80 
4000 74 
4100 73 
4200 82 
4300 75 
4400 82 
4500 81 
4600 81 
4700 79 
4800 82 
4900 78 
5000 85 
5100 82 
5200 78 
5300 85 
5400 74 
5500 78 
5600 82 
5700 83 
5800 78 
5900 80 
6000 86 
6100 79 
6200 81 
6300 81 
6400 81 
6500 81 
6600 82 
6700 84 
6800 78 
6900 80 
7000 79 
7100 80 
7200 75 
7300 81 
7400 76 
7500 85 
7600 84 
7700 77 
7800 81 
7900 84 
8000 79 
8100 80 
8200 80 
8300 80 
8400 79 
8500 77 
8600 79 
8700 80 
8800 76 
8900 74 
9000 83 
9100 79 
9200 85 
9300 80 
9400 83 
9500 76 
9600 86 
9700 82 
9800 81 
9900 84 
10000 78 
10100 82 
10200 78 
10300 83 
10400 79 
10500 79 
10600 83 
10700 84 
10800 85 
10900 80 
11000 75 
11100 76 
11200 71 
11300 79 
11400 84 
11500 78 
11600 79 
11700 83 
11800 79 
11900 85 
12000 82 
12100 82 
12200 83 
12300 77 
12400 86 
12500 81 
12600 79 
12700 78 
12800 84 
12900 83 
13000 82 
13100 79 
13200 72 
13300 78 
13400 78 
13500 77 
13600 77 
13700 78 
13800 83 
13900 78 
14000 83 
14100 82 
14200 73 
14300 79 
14400 71 
14500 78 
14600 83 
14700 78 
14800 80 
14900 84 
15000 76 
15100 81 
15200 82 
15300 80 
15400 82 
15500 76 
15600 83 
15700 70 
15800 80 
15900 84 
16000 81 
16100 84 
16200 80 
16300 77 
16400 83 
16500 81 
16600 86 
16700 74 
16800 85 
16900 87 
17000 85 
17100 76 
17200 80 
17300 79 
17400 80 
17500 84 
17600 84 
17700 84 
17800 75 
17900 80 
18000 73 
18100 72 
18200 80 
18300 80 
18400 78 
18500 78 
18600 73 
18700 83 
18800 81 
18900 82 
19000 80 
19100 84 
19200 78 
19300 77 
19400 78 
19500 81 
19600 82 
19700 80 
19800 85 
19900 77 
20000 79 
20100 78 
20200 79 
20300 81 
20400 84 
20500 75 
20600 83 
20700 82 
20800 76 
20900 76 
21000 77 
21100 76 
21200 77 
21300 74 
21400 86 
21500 79 
21600 73 
21700 82 
21800 74 
21900 73 
22000 80 
22100 81 
22200 73 
22300 81 
22400 85 
22500 81 
22600 79 
22700 74 
22800 81 
22900 81 
23000 79 
23100 83 
23200 78 
23300 79 
23400 81 
23500 82 
23600 77 
23700 79 
23800 71 
23900 77 
24000 77 
24100 84 
24200 80 
24300 80 
24400 80 
24500 75 
24600 76 
24700 80 
24800 80 
24900 70 
25000 82 
25100 85 
25200 84 
25300 76 
25400 82 
25500 74 
25600 80 
25700 85 
25800 79 
25900 86 
26000 79 
26100 84 
26200 85 
26300 83 
26400 80 
26500 86 
26600 81 
26700 85 
26800 74 
26900 87 
27000 81 
27100 78 
27200 82 
27300 73 
27400 78 
27500 80 
27600 77 
27700 84 
27800 69 
27900 78 
28000 76 
28100 71 
28200 79 
28300 80 
28400 84 
28500 78 
28600 79 
28700 81 
28800 87 
28900 84 
29000 81 
29100 82 
29200 76 
29300 82 
29400 77 
29500 81 
29600 85 
29700 80 
29800 77 
29900 81 
30000 81 
30100 75 
30200 85 
30300 81 
30400 85 
30500 74 
30600 75 
30700 78 
30800 80 
30900 79 
31000 81 
31100 80 
31200 84 
31300 77 
31400 76 
31500 80 
31600 83 
31700 80 
31800 77 
31900 77 
32000 80 
32100 81 
32200 81 
32300 84 
32400 77 
32500 81 
32600 78 
32700 80 
32800 81 
32900 78 
33000 83 
33100 76 
33200 83 
33300 77 
33400 84 
33500 81 
33600 79 
33700 74 
33800 74 
33900 85 
34000 83 
34100 84 
34200 76 
34300 77 
34400 85 
34500 78 
34600 81 
34700 81 
34800 75 
34900 82 
35000 77 
35100 77 
35200 80 
35300 79 
35400 80 
35500 78 
35600 81 
35700 82 
35800 80 
35900 79 
36000 76 
36100 82 
36200 84 
36300 83 
36400 75 
36500 75 
36600 78 
36700 82 
36800 82 
36900 71 
37000 85 
37100 78 
37200 75 
37300 84 
37400 76 
37500 79 
37600 80 
37700 78 
37800 81 
37900 70 
38000 86 
38100 85 
38200 82 
38300 82 
38400 78 
38500 79 
38600 77 
38700 83 
38800 83 
38900 80 
39000 83 
39100 73 
39200 77 
39300 75 
39400 76 
39500 75 
39600 83 
39700 73 
39800 83 
39900 86 
40000 81 
40100 83 
40200 85 
40300 81 
40400 80 
40500 81 
40600 75 
40700 80 
40800 84 
40900 76 
41000 85 
41100 77 
41200 83 
41300 81 
41400 83 
41500 73 
41600 79 
41700 79 
41800 81 
41900 79 
42000 77 
42100 82 
42200 75 
42300 84 
42400 77 
42500 71 
42600 81 
42700 81 
42800 70 
42900 81 
43000 75 
43100 78 
43200 76 
43300 81 
43400 87 
43500 69 
43600 76 
43700 77 
43800 79 
43900 81 
44000 79 
44100 82 
44200 89 
44300 82 
44400 79 
44500 78 
44600 87 
44700 80 
44800 84 
44900 76 
45000 73 
45100 78 
45200 75 
45300 72 
45400 80 
45500 80 
45600 73 
45700 83 
45800 82 
45900 84 
46000 81 
46100 81 
46200 76 
46300 79 
46400 77 
46500 76 
46600 80 
46700 75 
46800 82 
46900 82 
47000 80 
47100 76 
47200 83 
47300 84 
47400 78 
47500 81 
47600 77 
47700 78 
47800 82 
47900 79 
48000 74 
48100 80 
48200 83 
48300 82 
48400 77 
48500 82 
48600 76 
48700 82 
48800 80 
48900 77 
49000 84 
49100 78 
49200 85 
49300 80 
49400 79 
49500 80 
49600 77 
49700 82 
49800 80 
49900 83 
50000 77 
50100 82 
50200 83 
50300 75 
50400 82 
50500 82 
50600 84 
50700 83 
50800 83 
50900 81 
51000 80 
51100 78 
51200 81 
51300 78 
51400 76 
51500 71 
51600 84 
51700 72 
51800 78 
51900 83 
52000 76 
52100 81 
52200 82 
52300 78 
52400 80 
52500 81 
52600 79 
52700 83 
52800 82 
52900 85 
53000 78 
53100 68 
53200 80 
53300 80 
53400 82 
53500 78 
53600 80 
53700 79 
53800 79 
53900 64 
54000 75 
54100 81 
54200 82 
54300 78 
54400 83 
54500 71 
54600 87 
54700 78 
54800 81 
54900 81 
55000 81 
55100 83 
55200 69 
55300 72 
55400 84 
55500 72 
55600 78 
55700 78 
55800 80 
55900 82 
56000 87 
56100 85 
56200 74 
56300 78 
56400 75 
56500 81 
56600 77 
56700 77 
56800 87 
56900 78 
57000 73 
57100 79 
57200 78 
57300 83 
57400 86 
57500 77 
57600 76 
57700 80 
57800 76 
57900 84 
58000 81 
58100 86 
58200 79 
58300 78 
58400 78 
58500 71 
58600 75 
58700 78 
58800 82 
58900 76 
59000 81 
59100 82 
59200 80 
59300 79 
59400 71 
59500 76 
59600 74 
59700 75 
59800 81 
59900 83 
60000 81 
60100 78 
60200 74 
60300 82 
60400 79 
60500 81 
60600 73 
60700 77 
60800 84 
60900 76 
61000 79 
61100 80 
61200 75 
61300 73 
61400 74 
61500 80 
61600 83 
61700 84 
61800 80 
61900 80 
62000 81 
62100 82 
62200 78 
62300 85 
62400 78 
62500 82 
62600 82 
62700 75 
62800 77 
62900 84 
63000 82 
63100 78 
63200 76 
63300 82 
63400 85 
63500 82 
63600 82 
63700 79 
63800 82 
63900 81 
64000 82 
64100 79 
64200 80 
64300 81 
64400 81 
64500 80 
64600 75 
64700 82 
64800 85 
64900 79 
65000 73 
65100 78 
65200 79 
65300 81 
65400 77 
65500 80 
65600 79 
65700 81 
65800 79 
65900 82 
66000 80 
66100 81 
66200 73 
66300 74 
66400 83 
66500 84 
66600 78 
66700 81 
66800 77 
66900 73 
67000 82 
67100 79 
67200 83 
67300 81 
67400 84 
67500 77 
67600 74 
67700 79 
67800 78 
67900 79 
68000 74 
68100 81 
68200 81 
68300 79 
68400 83 
68500 84 
68600 81 
68700 85 
68800 78 
68900 80 
69000 80 
69100 79 
69200 82 
69300 81 
69400 77 
69500 77 
69600 84 
69700 77 
69800 82 
69900 75 
70000 82 
70100 77 
70200 78 
70300 76 
70400 80 
70500 81 
70600 70 
70700 80 
70800 84 
70900 82 
71000 81 
71100 86 
71200 80 
71300 83 
71400 78 
71500 83 
71600 77 
71700 77 
71800 77 
71900 79 
72000 81 
72100 75 
72200 74 
72300 84 
72400 79 
72500 80 
72600 79 
72700 80 
72800 83 
72900 83 
73000 83 
73100 80 
73200 76 
73300 84 
73400 80 
73500 84 
73600 81 
73700 81 
73800 74 
73900 84 
74000 80 
74100 80 
74200 83 
74300 80 
74400 77 
74500 75 
74600 87 
74700 77 
74800 86 
74900 82 
75000 82 
75100 84 
75200 87 
75300 80 
75400 79 
75500 79 
75600 81 
75700 74 
75800 74 
75900 83 
76000 72 
76100 82 
76200 77 
76300 84 
76400 77 
76500 80 
76600 80 
76700 80 
76800 77 
76900 79 
77000 85 
77100 73 
77200 82 
77300 74 
77400 79 
77500 78 
77600 83 
77700 86 
77800 75 
77900 83 
78000 78 
78100 85 
78200 82 
78300 77 
78400 79 
78500 81 
78600 79 
78700 78 
78800 87 
78900 82 
79000 73 
79100 81 
79200 79 
79300 76 
79400 84 
79500 84 
79600 78 
79700 84 
79800 74 
79900 86 
80000 85 
80100 77 
80200 79 
80300 81 
80400 72 
80500 80 
80600 78 
80700 79 
80800 80 
80900 84 
81000 79 
81100 76 
81200 76 
81300 80 
81400 78 
81500 76 
81600 76 
81700 80 
81800 77 
81900 80 
82000 74 
82100 82 
82200 81 
82300 76 
82400 77 
82500 81 
82600 81 
82700 80 
82800 79 
82900 77 
83000 85 
83100 85 
83200 73 
83300 80 
83400 81 
83500 85 
83600 77 
83700 72 
83800 79 
83900 81 
84000 81 
84100 82 
84200 81 
84300 80 
84400 81 
84500 84 
84600 79 
84700 77 
84800 74 
84900 75 
85000 78 
85100 80 
85200 76 
85300 80 
85400 76 
85500 81 
85600 82 
85700 80 
85800 78 
85900 78 
86000 81 
86100 79 
86200 82 
86300 74 
86400 80 
86500 85 
86600 81 
86700 81 
86800 81 
86900 83 
87000 84 
87100 80 
87200 82 
87300 83 
87400 79 
87500 81 
87600 80 
87700 73 
87800 77 
87900 89 
88000 82 
88100 81 
88200 79 
88300 77 
88400 76 
88500 81 
88600 79 
88700 81 
88800 80 
88900 78 
89000 84 
89100 79 
89200 76 
89300 74 
89400 86 
89500 73 
89600 78 
89700 82 
89800 81 
89900 73 
90000 85 
90100 80 
90200 82 
90300 83 
90400 73 
90500 79 
90600 83 
90700 81 
90800 83 
90900 83 
91000 83 
91100 83 
91200 83 
91300 80 
91400 85 
91500 81 
91600 78 
91700 85 
91800 72 
91900 79 
92000 83 
92100 83 
92200 83 
92300 71 
92400 74 
92500 79 
92600 75 
92700 86 
92800 85 
92900 78 
93000 83 
93100 82 
93200 81 
93300 85 
93400 82 
93500 81 
93600 83 
93700 86 
93800 82 
93900 85 
94000 80 
94100 77 
94200 78 
94300 78 
94400 80 
94500 82 
94600 82 
94700 83 
94800 80 
94900 84 
95000 73 
95100 85 
95200 81 
95300 78 
95400 77 
95500 76 
95600 84 
95700 85 
95800 77 
95900 78 
96000 75 
96100 72 
96200 73 
96300 71 
96400 73 
96500 76 
96600 75 
96700 86 
96800 71 
96900 80 
97000 81 
97100 75 
97200 82 
97300 83 
97400 80 
97500 79 
97600 76 
97700 82 
97800 83 
97900 79 
98000 78 
98100 78 
98200 70 
98300 81 
98400 82 
98500 80 
98600 77 
98700 82 
98800 77 
98900 73 
99000 77 
99100 81 
99200 76 
99300 84 
99400 87 
99500 75 
99600 79 
99700 83 
99800 80 
99900 79 
100000 86 
100100 82 
100200 81 
100300 82 
100400 73 
100500 85 
100600 80 
100700 84 
100800 82 
100900 74 
101000 80 
101100 86 
101200 74 
101300 79 
101400 83 
101500 76 
101600 82 
101700 81 
101800 79 
101900 82 
102000 81 
102100 80 
102200 80 
102300 78 
102400 80 
102500 80 
102600 85 
102700 81 
102800 86 
102900 77 
103000 82 
103100 72 
103200 82 
103300 79 
103400 85 
103500 73 
103600 81 
103700 86 
103800 82 
103900 79 
104000 82 
104100 81 
104200 83 
104300 82 
104400 84 
104500 80 
104600 71 
104700 75 
104800 82 
104900 82 
105000 77 
105100 72 
105200 79 
105300 80 
105400 84 
105500 88 
105600 82 
105700 77 
105800 71 
105900 77 
106000 79 
106100 83 
106200 82 
106300 85 
106400 83 
106500 77 
106600 83 
106700 80 
106800 73 
106900 79 
107000 81 
107100 80 
107200 77 
107300 74 
107400 81 
107500 86 
107600 79 
107700 83 
107800 77 
107900 82 
108000 84 
108100 86 
108200 76 
108300 85 
108400 81 
108500 83 
108600 82 
108700 84 
108800 79 
108900 80 
109000 79 
109100 82 
109200 80 
109300 81 
109400 81 
109500 73 
109600 76 
109700 84 
109800 81 
109900 81 
110000 84 
110100 78 
110200 79 
110300 82 
110400 82 
110500 74 
110600 76 
110700 84 
110800 85 
110900 76 
111000 74 
111100 76 
111200 76 
111300 76 
111400 83 
111500 82 
111600 84 
111700 79 
111800 75 
111900 81 
112000 82 
112100 83 
112200 81 
112300 87 
112400 76 
112500 72 
112600 84 
112700 79 
112800 84 
112900 77 
113000 78 
113100 80 
113200 81 
113300 82 
113400 84 
113500 82 
113600 82 
113700 79 
113800 85 
113900 84 
114000 80 
114100 80 
114200 83 
114300 75 
114400 83 
114500 85 
114600 78 
114700 83 
114800 77 
114900 85 
115000 83 
115100 83 
115200 77 
115300 80 
115400 78 
115500 78 
115600 87 
115700 79 
115800 85 
115900 82 
116000 77 
116100 74 
116200 74 
116300 77 
116400 77 
116500 83 
116600 81 
116700 85 
116800 82 
116900 82 
117000 77 
117100 83 
117200 79 
117300 83 
117400 82 
117500 84 
117600 83 
117700 78 
117800 80 
117900 80 
118000 75 
118100 77 
118200 80 
118300 82 
118400 76 
118500 78 
118600 79 
118700 82 
118800 82 
118900 79 
119000 86 
119100 82 
119200 78 
119300 81 
119400 77 
119500 86 
119600 79 
119700 82 
119800 80 
119900 79 
120000 75 
120100 78 
120200 81 
120300 81 
120400 80 
120500 83 
120600 76 
120700 76 
120800 82 
120900 84 
121000 79 
121100 78 
121200 82 
121300 81 
121400 77 
121500 82 
121600 77 
121700 84 
121800 84 
121900 80 
122000 84 
122100 74 
122200 81 
122300 71 
122400 72 
122500 71 
122600 80 
122700 79 
122800 83 
122900 82 
123000 69 
123100 75 
123200 80 
123300 86 
123400 79 
123500 80 
123600 74 
123700 76 
123800 72 
123900 79 
124000 79 
124100 83 
124200 84 
124300 82 
124400 82 
124500 80 
124600 79 
124700 80 
124800 77 
124900 76 
125000 80 
125100 77 
125200 83 
125300 79 
125400 77 
125500 83 
125600 83 
125700 79 
125800 81 
125900 85 
126000 79 
126100 82 
126200 77 
126300 82 
126400 82 
126500 85 
126600 77 
126700 82 
126800 76 
126900 87 
127000 79 
127100 78 
127200 81 
127300 77 
127400 74 
127500 70 
127600 82 
127700 71 
127800 82 
127900 78 
128000 79 
128100 81 
128200 86 
128300 80 
128400 79 
128500 71 
128600 75 
128700 81 
128800 77 
128900 78 
129000 82 
129100 83 
129200 83 
129300 73 
129400 80 
129500 81 
129600 78 
129700 78 
129800 80 
129900 84 
130000 81 
130100 79 
130200 82 
130300 78 
130400 83 
130500 81 
130600 78 
130700 81 
130800 76 
130900 80 
131000 80 
131100 78 
131200 73 
131300 86 
131400 83 
131500 76 
131600 84 
131700 82 
131800 77 
131900 79 
132000 80 
132100 82 
132200 78 
132300 75 
132400 70 
132500 82 
132600 80 
132700 79 
132800 83 
132900 84 
133000 77 
133100 82 
133200 83 
133300 79 
133400 82 
133500 80 
133600 77 
133700 78 
133800 84 
133900 77 
134000 78 
134100 81 
134200 79 
134300 80 
134400 83 
134500 83 
134600 79 
134700 79 
134800 77 
134900 81 
135000 88 
135100 81 
135200 86 
135300 78 
135400 67 
135500 84 
135600 77 
135700 77 
135800 82 
135900 82 
136000 81 
136100 85 
136200 68 
136300 81 
136400 78 
136500 76 
136600 79 
136700 80 
136800 78 
136900 74 
137000 82 
137100 82 
137200 83 
137300 80 
137400 78 
137500 82 
137600 82 
137700 82 
137800 83 
137900 79 
138000 76 
138100 77 
138200 78 
138300 77 
138400 73 
138500 76 
138600 77 
138700 75 
138800 77 
138900 81 
139000 77 
139100 76 
139200 84 
139300 76 
139400 84 
139500 80 
139600 75 
139700 77 
139800 83 
139900 81 
140000 74 
140100 82 
140200 77 
140300 78 
140400 66 
140500 83 
140600 84 
140700 81 
140800 85 
140900 69 
141000 77 
141100 76 
141200 80 
141300 85 
141400 76 
141500 77 
141600 82 
141700 77 
141800 79 
141900 72 
142000 81 
142100 81 
142200 73 
142300 70 
142400 78 
142500 85 
142600 76 
142700 83 
142800 80 
142900 81 
143000 86 
143100 79 
143200 83 
143300 76 
143400 78 
143500 80 
143600 83 
143700 79 
143800 79 
143900 72 
144000 83 
144100 78 
144200 75 
144300 80 
144400 81 
144500 73 
144600 85 
144700 75 
144800 79 
144900 83 
145000 80 
145100 82 
145200 82 
145300 82 
145400 84 
145500 77 
145600 78 
145700 77 
145800 87 
145900 87 
146000 80 
146100 80 
146200 80 
146300 80 
146400 80 
146500 83 
146600 81 
146700 82 
146800 75 
146900 80 
147000 75 
147100 77 
147200 82 
147300 82 
147400 84 
147500 69 
147600 80 
147700 74 
147800 81 
147900 83 
148000 80 
148100 81 
148200 80 
148300 78 
148400 80 
148500 83 
148600 81 
148700 80 
148800 82 
148900 81 
149000 80 
149100 79 
149200 82 
149300 77 
149400 82 
149500 80 
149600 74 
149700 83 
149800 77 
149900 78 
150000 72 
150100 81 
150200 82 
150300 78 
150400 74 
150500 75 
150600 78 
150700 82 
150800 78 
150900 78 
151000 87 
151100 76 
151200 82 
151300 80 
151400 73 
151500 75 
151600 79 
151700 87 
151800 82 
151900 80 
152000 74 
152100 82 
152200 84 
152300 78 
152400 78 
152500 82 
152600 77 
152700 79 
152800 85 
152900 81 
153000 76 
153100 78 
153200 77 
153300 83 
153400 72 
153500 80 
153600 75 
153700 83 
153800 82 
153900 77 
154000 77 
154100 87 
154200 79 
154300 84 
154400 81 
154500 82 
154600 77 
154700 82 
154800 81 
154900 82 
155000 84 
155100 77 
155200 83 
155300 81 
155400 80 
155500 77 
155600 76 
155700 73 
155800 80 
155900 68 
156000 78 
156100 80 
156200 77 
156300 78 
156400 81 
156500 79 
156600 84 
156700 78 
156800 80 
156900 72 
157000 74 
157100 81 
157200 83 
157300 76 
157400 75 
157500 81 
157600 79 
157700 84 
157800 77 
157900 78 
158000 79 
158100 75 
158200 82 
158300 77 
158400 81 
158500 74 
158600 82 
158700 80 
158800 81 
158900 84 
159000 82 
159100 81 
159200 74 
159300 77 
159400 74 
159500 85 
159600 82 
159700 82 
159800 78 
159900 79 
160000 77 
160100 83 
160200 82 
160300 73 
160400 81 
160500 76 
160600 78 
160700 83 
160800 79 
160900 82 
161000 82 
161100 81 
161200 81 
161300 72 
161400 82 
161500 81 
161600 81 
161700 77 
161800 77 
161900 74 
162000 78 
162100 78 
162200 87 
162300 84 
162400 81 
162500 77 
162600 71 
162700 83 
162800 80 
162900 86 
163000 74 
163100 81 
163200 79 
163300 77 
163400 81 
163500 87 
163600 82 
163700 81 
163800 71 
163900 77 
164000 81 
164100 73 
164200 81 
164300 72 
164400 83 
164500 83 
164600 86 
164700 85 
164800 77 
164900 82 
165000 78 
165100 83 
165200 78 
165300 77 
165400 82 
165500 76 
165600 77 
165700 77 
165800 83 
165900 74 
166000 84 
166100 82 
166200 77 
166300 74 
166400 79 
166500 80 
166600 81 
166700 76 
166800 74 
166900 77 
167000 78 
167100 80 
167200 80 
167300 85 
167400 78 
167500 78 
167600 84 
167700 86 
167800 83 
167900 83 
168000 80 
168100 80 
168200 79 
168300 74 
168400 79 
168500 76 
168600 76 
168700 84 
168800 69 
168900 74 
169000 79 
169100 82 
169200 75 
169300 81 
169400 81 
169500 83 
169600 86 
169700 80 
169800 79 
169900 79 
170000 81 
170100 79 
170200 74 
170300 82 
170400 78 
170500 68 
170600 80 
170700 77 
170800 81 
170900 81 
171000 76 
171100 83 
171200 83 
171300 79 
171400 81 
171500 84 
171600 81 
171700 80 
171800 81 
171900 79 
172000 79 
172100 80 
172200 83 
172300 80 
172400 84 
172500 82 
172600 81 
172700 85 
172800 80 
172900 77 
173000 85 
173100 81 
173200 84 
173300 78 
173400 80 
173500 83 
173600 87 
173700 81 
173800 80 
173900 80 
174000 81 
174100 78 
174200 84 
174300 77 
174400 86 
174500 71 
174600 83 
174700 80 
174800 83 
174900 77 
175000 78 
175100 78 
175200 88 
175300 78 
175400 86 
175500 76 
175600 80 
175700 83 
175800 77 
175900 79 
176000 70 
176100 78 
176200 74 
176300 81 
176400 82 
176500 76 
176600 76 
176700 85 
176800 79 
176900 77 
177000 81 
177100 86 
177200 75 
177300 77 
177400 76 
177500 81 
177600 80 
177700 84 
177800 83 
177900 79 
178000 75 
178100 78 
178200 81 
178300 78 
178400 83 
178500 83 
178600 87 
178700 82 
178800 75 
178900 84 
179000 86 
179100 75 
179200 81 
179300 86 
179400 76 
179500 82 
179600 81 
179700 85 
179800 78 
179900 85 
180000 82 
180100 85 
180200 86 
180300 82 
180400 79 
180500 75 
180600 85 
180700 78 
180800 77 
180900 81 
181000 77 
181100 81 
181200 74 
181300 76 
181400 79 
181500 81 
181600 82 
181700 82 
181800 82 
181900 72 
182000 81 
182100 74 
182200 83 
182300 78 
182400 84 
182500 79 
182600 79 
182700 80 
182800 75 
182900 79 
183000 81 
183100 83 
183200 78 
183300 81 
183400 80 
183500 78 
183600 82 
183700 84 
183800 77 
183900 78 
184000 82 
184100 83 
184200 76 
184300 79 
184400 79 
184500 82 
184600 73 
184700 80 
184800 77 
184900 77 
185000 84 
185100 77 
185200 82 
185300 67 
185400 81 
185500 81 
185600 80 
185700 84 
185800 80 
185900 77 
186000 77 
186100 77 
186200 82 
186300 81 
186400 79 
186500 78 
186600 82 
186700 75 
186800 74 
186900 84 
187000 68 
187100 80 
187200 76 
187300 81 
187400 83 
187500 77 
187600 83 
187700 83 
187800 82 
187900 78 
188000 74 
188100 77 
188200 77 
188300 78 
188400 81 
188500 80 
188600 82 
188700 83 
188800 78 
188900 84 
189000 77 
189100 81 
189200 81 
189300 78 
189400 77 
189500 84 
189600 76 
189700 78 
189800 81 
189900 81 
190000 85 
190100 80 
190200 82 
190300 79 
190400 74 
190500 84 
190600 72 
190700 80 
190800 79 
190900 81 
191000 76 
191100 80 
191200 77 
191300 81 
191400 75 
191500 79 
191600 80 
191700 82 
191800 80 
191900 84 
192000 85 
192100 79 
192200 84 
192300 80 
192400 81 
192500 75 
192600 78 
192700 77 
192800 74 
192900 81 
193000 74 
193100 81 
193200 85 
193300 77 
193400 83 
193500 83 
193600 79 
193700 81 
193800 84 
193900 77 
194000 79 
194100 76 
194200 82 
194300 82 
194400 77 
194500 81 
194600 81 
194700 85 
194800 86 
194900 80 
195000 79 
195100 79 
195200 77 
195300 84 
195400 82 
195500 80 
195600 81 
195700 80 
195800 82 
195900 77 
196000 81 
196100 73 
196200 78 
196300 75 
196400 79 
196500 87 
196600 77 
196700 86 
196800 82 
196900 78 
197000 82 
197100 81 
197200 82 
197300 77 
197400 82 
197500 81 
197600 81 
197700 78 
197800 81 
197900 80 
198000 82 
198100 72 
198200 86 
198300 78 
198400 78 
198500 83 
198600 82 
198700 73 
198800 79 
198900 80 
199000 71 
199100 74 
199200 80 
199300 81 
199400 85 
199500 76 
199600 78 
199700 82 
199800 82 
199900 80 
200000 79 
200100 79 
200200 80 
200300 78 
200400 80 
200500 82 
200600 77 
200700 80 
200800 84 
200900 77 
201000 81 
201100 77 
201200 88 
201300 83 
201400 72 
201500 71 
201600 77 
201700 79 
201800 84 
201900 78 
202000 78 
202100 75 
202200 71 
202300 78 
202400 82 
202500 81 
202600 77 
202700 84 
202800 86 
202900 82 
203000 79 
203100 83 
203200 82 
203300 71 
203400 75 
203500 78 
203600 82 
203700 83 
203800 80 
203900 80 
204000 79 
204100 75 
204200 82 
204300 75 
204400 81 
204500 82 
204600 79 
204700 76 
204800 77 
204900 83 
205000 80 
205100 72 
205200 81 
205300 81 
205400 78 
205500 80 
205600 84 
205700 79 
205800 73 
205900 82 
206000 83 
206100 83 
206200 76 
206300 77 
206400 79 
206500 75 
206600 78 
206700 74 
206800 80 
206900 77 
207000 75 
207100 75 
207200 78 
207300 74 
207400 82 
207500 78 
207600 84 
207700 73 
207800 82 
207900 86 
208000 77 
208100 76 
208200 81 
208300 76 
208400 82 
208500 80 
208600 83 
208700 74 
208800 76 
208900 78 
209000 82 
209100 82 
209200 82 
209300 85 
209400 85 
209500 86 
209600 77 
209700 81 
209800 82 
209900 80 
210000 75 
210100 78 
210200 77 
210300 78 
210400 78 
210500 83 
210600 80 
210700 74 
210800 79 
210900 78 
211000 80 
211100 79 
211200 75 
211300 85 
211400 77 
211500 82 
211600 79 
211700 76 
211800 81 
211900 71 
212000 83 
212100 76 
212200 82 
212300 76 
212400 75 
212500 74 
212600 72 
212700 86 
212800 82 
212900 80 
213000 87 
213100 73 
213200 81 
213300 83 
213400 81 
213500 77 
213600 76 
213700 83 
213800 77 
213900 82 
214000 81 
214100 74 
214200 82 
214300 81 
214400 79 
214500 77 
214600 84 
214700 82 
214800 86 
214900 81 
215000 79 
215100 76 
215200 76 
215300 78 
215400 66 
215500 82 
215600 76 
215700 77 
215800 76 
215900 83 
216000 78 
216100 78 
216200 79 
216300 81 
216400 79 
216500 77 
216600 86 
216700 82 
216800 81 
216900 77 
217000 82 
217100 79 
217200 84 
217300 78 
217400 74 
217500 81 
217600 83 
217700 80 
217800 80 
217900 78 
218000 76 
218100 79 
218200 77 
218300 83 
218400 83 
218500 81 
218600 78 
218700 79 
218800 76 
218900 79 
219000 82 
219100 79 
219200 76 
219300 86 
219400 85 
219500 71 
219600 82 
219700 79 
219800 75 
219900 74 
220000 85 
220100 81 
220200 75 
220300 81 
220400 77 
220500 84 
220600 83 
220700 84 
220800 80 
220900 77 
221000 85 
221100 77 
221200 81 
221300 76 
221400 85 
221500 72 
221600 80 
221700 86 
221800 81 
221900 78 
222000 81 
222100 81 
222200 76 
222300 81 
222400 76 
222500 81 
222600 84 
222700 79 
222800 81 
222900 75 
223000 82 
223100 84 
223200 78 
223300 79 
223400 79 
223500 78 
223600 86 
223700 75 
223800 74 
223900 81 
224000 78 
224100 79 
224200 79 
224300 77 
224400 81 
224500 80 
224600 78 
224700 82 
224800 78 
224900 79 
225000 73 
225100 77 
225200 80 
225300 72 
225400 86 
225500 80 
225600 83 
225700 72 
225800 84 
225900 84 
226000 80 
226100 80 
226200 82 
226300 76 
226400 82 
226500 83 
226600 84 
226700 70 
226800 78 
226900 81 
227000 78 
227100 83 
227200 76 
227300 81 
227400 80 
227500 84 
227600 76 
227700 79 
227800 79 
227900 79 
228000 87 
228100 76 
228200 82 
228300 74 
228400 76 
228500 81 
228600 83 
228700 79 
228800 84 
228900 89 
229000 77 
229100 82 
229200 81 
229300 82 
229400 80 
229500 77 
229600 75 
229700 82 
229800 84 
229900 69 
230000 72 
230100 79 
230200 77 
230300 78 
230400 83 
230500 85 
230600 82 
230700 81 
230800 77 
230900 79 
231000 79 
231100 77 
231200 78 
231300 78 
231400 80 
231500 85 
231600 81 
231700 80 
231800 81 
231900 80 
232000 82 
232100 69 
232200 81 
232300 85 
232400 77 
232500 81 
232600 80 
232700 80 
232800 84 
232900 79 
233000 85 
233100 81 
233200 81 
233300 72 
233400 74 
233500 84 
233600 80 
233700 78 
233800 84 
233900 77 
234000 84 
234100 73 
234200 80 
234300 80 
234400 85 
234500 76 
234600 80 
234700 80 
234800 77 
234900 81 
235000 80 
235100 79 
235200 78 
235300 76 
235400 83 
235500 82 
235600 83 
235700 82 
235800 79 
235900 78 
236000 83 
236100 80 
236200 74 
236300 83 
236400 84 
236500 79 
236600 81 
236700 85 
236800 83 
236900 77 
237000 75 
237100 82 
237200 78 
237300 80 
237400 82 
237500 83 
237600 79 
237700 79 
237800 77 
237900 79 
238000 76 
238100 83 
238200 81 
238300 77 
238400 85 
238500 71 
238600 81 
238700 79 
238800 85 
238900 82 
239000 75 
239100 83 
239200 80 
239300 85 
239400 79 
239500 79 
239600 79 
239700 78 
239800 80 
239900 76 
240000 74 
240100 79 
240200 77 
240300 80 
240400 79 
240500 83 
240600 72 
240700 76 
240800 84 
240900 82 
241000 84 
241100 83 
241200 82 
241300 79 
241400 78 
241500 80 
241600 83 
241700 81 
241800 83 
241900 83 
242000 77 
242100 77 
242200 81 
242300 79 
242400 82 
242500 87 
242600 74 
242700 85 
242800 80 
242900 80 
243000 84 
243100 81 
243200 74 
243300 78 
243400 79 
243500 79 
243600 80 
243700 79 
243800 83 
243900 81 
244000 80 
244100 78 
244200 83 
244300 74 
244400 79 
244500 82 
244600 83 
244700 77 
244800 80 
244900 81 
245000 81 
245100 81 
245200 82 
245300 83 
245400 78 
245500 80 
245600 78 
245700 80 
245800 81 
245900 79 
246000 84 
246100 78 
246200 83 
246300 77 
246400 80 
246500 82 
246600 84 
246700 80 
246800 74 
246900 78 
247000 80 
247100 81 
247200 84 
247300 76 
247400 84 
247500 76 
247600 84 
247700 76 
247800 80 
247900 85 
248000 84 
248100 81 
248200 85 
248300 79 
248400 82 
248500 82 
248600 82 
248700 79 
248800 74 
248900 75 
249000 70 
249100 83 
249200 78 
249300 82 
249400 76 
249500 73 
249600 72 
249700 81 
249800 83 
249900 76 
250000 82 
