1000 400 
2000 400 
3000 403 
4000 403 
5000 403 
6000 403 
7000 403 
8000 403 
9000 403 
10000 403 
1000 407 
2000 407 
3000 407 
4000 407 
5000 407 
6000 407 
7000 407 
8000 407 
9000 407 
10000 407 
11000 407 
12000 407 
13000 407 
14000 407 
15000 407 
16000 407 
17000 407 
18000 407 
19000 407 
20000 407 
21000 407 
22000 407 
23000 407 
24000 407 
25000 407 
26000 407 
27000 407 
28000 407 
29000 407 
30000 407 
31000 407 
32000 407 
33000 407 
34000 407 
35000 407 
36000 407 
37000 407 
38000 407 
39000 407 
40000 407 
41000 407 
42000 407 
43000 407 
44000 407 
45000 407 
46000 407 
47000 407 
48000 407 
49000 407 
50000 407 
51000 407 
52000 407 
53000 407 
54000 407 
55000 407 
56000 407 
57000 407 
58000 407 
59000 407 
60000 407 
61000 407 
62000 407 
63000 407 
64000 407 
65000 407 
66000 407 
67000 407 
68000 407 
69000 407 
70000 407 
71000 407 
72000 407 
73000 407 
74000 407 
75000 407 
76000 407 
77000 407 
78000 407 
79000 407 
80000 407 
81000 407 
82000 407 
83000 407 
84000 407 
85000 407 
86000 407 
87000 407 
88000 407 
89000 407 
90000 407 
91000 407 
92000 407 
93000 407 
94000 407 
95000 407 
96000 407 
97000 407 
98000 407 
99000 407 
100000 407 
101000 407 
102000 407 
103000 407 
104000 407 
105000 407 
106000 407 
107000 407 
108000 407 
109000 407 
110000 407 
111000 407 
112000 407 
113000 407 
114000 407 
115000 407 
116000 407 
117000 407 
118000 407 
119000 407 
120000 407 
121000 407 
122000 407 
123000 407 
124000 407 
125000 407 
126000 407 
127000 407 
128000 407 
129000 407 
130000 407 
131000 407 
132000 407 
133000 407 
134000 407 
135000 407 
136000 407 
137000 407 
138000 407 
139000 407 
140000 407 
141000 407 
142000 407 
143000 407 
144000 407 
145000 407 
146000 407 
147000 407 
148000 407 
149000 407 
150000 407 
151000 407 
152000 407 
153000 407 
154000 407 
155000 407 
156000 407 
157000 407 
158000 407 
159000 407 
160000 407 
161000 407 
162000 407 
163000 407 
164000 407 
165000 407 
166000 407 
167000 407 
168000 407 
169000 407 
170000 407 
171000 407 
172000 407 
173000 407 
174000 407 
175000 407 
176000 407 
177000 407 
178000 407 
179000 407 
180000 407 
181000 407 
182000 407 
183000 407 
184000 407 
185000 407 
186000 407 
187000 407 
188000 407 
189000 407 
190000 407 
191000 407 
192000 407 
193000 407 
194000 407 
195000 407 
196000 407 
197000 407 
198000 407 
199000 407 
200000 407 
201000 407 
202000 407 
203000 407 
204000 407 
205000 407 
206000 407 
207000 407 
208000 407 
209000 407 
210000 407 
211000 407 
212000 407 
213000 407 
214000 407 
215000 407 
216000 407 
217000 407 
218000 407 
219000 407 
220000 407 
221000 407 
222000 407 
223000 407 
224000 407 
225000 407 
226000 407 
227000 407 
228000 407 
229000 407 
230000 407 
231000 407 
232000 407 
233000 407 
234000 407 
235000 407 
236000 407 
237000 407 
238000 407 
239000 407 
240000 407 
241000 407 
242000 407 
243000 407 
244000 407 
245000 407 
246000 407 
247000 407 
248000 407 
249000 407 
