1000 395 
2000 397 
3000 397 
4000 397 
5000 397 
6000 397 
7000 403 
8000 403 
9000 403 
10000 403 
11000 403 
12000 403 
13000 403 
14000 403 
15000 403 
16000 403 
17000 403 
18000 403 
19000 403 
20000 403 
21000 403 
22000 403 
23000 403 
24000 403 
25000 403 
26000 403 
27000 403 
28000 403 
29000 403 
30000 403 
31000 403 
32000 403 
33000 403 
34000 403 
35000 403 
36000 403 
37000 403 
38000 403 
39000 403 
40000 403 
41000 403 
42000 403 
43000 403 
44000 403 
45000 403 
46000 403 
47000 403 
48000 403 
49000 403 
50000 403 
51000 403 
52000 403 
53000 403 
54000 403 
55000 403 
56000 403 
57000 403 
58000 403 
59000 403 
60000 403 
61000 403 
62000 403 
63000 403 
64000 403 
65000 403 
66000 403 
67000 403 
68000 403 
69000 403 
70000 403 
71000 403 
72000 403 
73000 403 
74000 403 
75000 403 
76000 403 
77000 403 
78000 403 
79000 403 
80000 403 
81000 403 
82000 403 
83000 403 
84000 403 
85000 403 
86000 403 
87000 403 
88000 403 
89000 403 
90000 403 
91000 403 
92000 403 
93000 403 
94000 403 
95000 403 
96000 403 
97000 403 
98000 403 
99000 403 
100000 403 
101000 403 
102000 403 
103000 403 
104000 403 
105000 403 
106000 403 
107000 403 
108000 403 
109000 403 
110000 403 
111000 403 
112000 403 
113000 403 
114000 403 
115000 403 
116000 403 
117000 403 
118000 403 
119000 403 
120000 403 
121000 403 
122000 403 
123000 403 
124000 403 
125000 403 
126000 403 
127000 403 
128000 403 
129000 403 
130000 403 
131000 403 
132000 403 
133000 403 
134000 403 
135000 403 
136000 403 
137000 403 
138000 403 
139000 403 
140000 403 
141000 403 
142000 403 
143000 403 
144000 403 
145000 403 
146000 403 
147000 403 
148000 403 
149000 403 
150000 403 
151000 403 
152000 403 
153000 403 
154000 403 
155000 403 
156000 403 
157000 404 
158000 404 
159000 404 
160000 404 
161000 406 
162000 406 
163000 406 
164000 406 
165000 406 
166000 406 
167000 406 
168000 406 
169000 406 
170000 406 
171000 406 
172000 406 
173000 406 
174000 406 
175000 406 
176000 406 
177000 406 
178000 406 
179000 406 
180000 406 
181000 406 
182000 406 
183000 406 
184000 406 
185000 406 
186000 406 
187000 406 
188000 406 
189000 406 
190000 406 
191000 406 
192000 406 
193000 406 
194000 406 
195000 406 
196000 406 
197000 406 
198000 406 
199000 406 
200000 406 
201000 406 
202000 406 
203000 406 
204000 406 
205000 406 
206000 406 
207000 406 
208000 406 
209000 406 
210000 406 
211000 406 
212000 406 
213000 406 
214000 406 
215000 406 
216000 406 
217000 406 
218000 406 
219000 406 
220000 406 
221000 406 
222000 406 
223000 406 
224000 406 
225000 406 
226000 406 
227000 406 
228000 406 
229000 406 
230000 406 
231000 406 
232000 406 
233000 406 
234000 406 
235000 406 
236000 406 
237000 406 
238000 406 
239000 406 
240000 406 
241000 406 
242000 406 
243000 406 
244000 406 
245000 406 
246000 406 
247000 406 
248000 406 
249000 406 
250000 406 
1000 396 
2000 400 
3000 403 
4000 403 
5000 403 
6000 403 
7000 403 
8000 403 
9000 403 
10000 403 
11000 403 
12000 403 
13000 403 
14000 403 
15000 403 
16000 403 
17000 403 
18000 403 
19000 403 
20000 403 
21000 403 
22000 403 
23000 403 
24000 403 
25000 403 
26000 403 
27000 403 
28000 403 
29000 403 
30000 403 
31000 403 
32000 403 
33000 403 
34000 403 
35000 403 
36000 403 
37000 403 
38000 403 
39000 403 
40000 403 
41000 403 
42000 403 
43000 403 
44000 403 
45000 403 
46000 403 
47000 403 
48000 403 
49000 403 
50000 403 
51000 403 
52000 403 
53000 403 
54000 403 
55000 403 
56000 403 
57000 403 
58000 403 
59000 403 
60000 403 
61000 403 
62000 403 
63000 403 
64000 403 
65000 403 
66000 403 
67000 403 
68000 403 
69000 403 
70000 403 
71000 403 
72000 403 
73000 403 
74000 403 
75000 403 
76000 403 
77000 403 
78000 403 
79000 403 
80000 403 
81000 403 
82000 403 
83000 403 
84000 403 
85000 403 
86000 403 
87000 403 
88000 403 
89000 403 
90000 403 
91000 403 
92000 403 
93000 403 
94000 403 
95000 403 
96000 403 
97000 403 
98000 403 
99000 403 
100000 403 
101000 403 
102000 403 
103000 403 
104000 403 
105000 403 
106000 403 
107000 403 
108000 403 
109000 403 
110000 403 
111000 403 
112000 403 
113000 403 
114000 403 
115000 403 
116000 403 
117000 403 
118000 403 
119000 403 
120000 403 
121000 403 
122000 403 
123000 403 
124000 403 
125000 403 
126000 403 
127000 403 
128000 403 
129000 403 
130000 403 
131000 403 
132000 403 
133000 403 
134000 403 
135000 403 
136000 403 
137000 403 
138000 403 
139000 403 
140000 403 
141000 403 
142000 403 
143000 403 
144000 403 
145000 403 
146000 403 
147000 403 
148000 403 
149000 403 
150000 403 
151000 403 
152000 403 
153000 403 
154000 403 
155000 403 
156000 403 
157000 403 
158000 403 
159000 403 
160000 403 
161000 403 
162000 403 
163000 403 
164000 403 
165000 403 
166000 403 
167000 403 
168000 403 
169000 403 
170000 403 
171000 403 
172000 403 
173000 403 
174000 403 
175000 403 
176000 403 
177000 403 
178000 403 
179000 403 
180000 403 
181000 403 
182000 403 
183000 403 
184000 403 
185000 403 
186000 403 
187000 403 
188000 403 
189000 403 
190000 403 
191000 403 
192000 403 
193000 403 
194000 406 
195000 406 
196000 406 
197000 406 
198000 406 
199000 406 
200000 406 
201000 406 
202000 406 
203000 406 
204000 406 
205000 406 
206000 406 
207000 406 
208000 406 
209000 406 
210000 406 
211000 406 
212000 406 
213000 406 
214000 406 
215000 406 
216000 406 
217000 406 
218000 406 
219000 406 
220000 406 
221000 406 
222000 406 
223000 406 
224000 406 
225000 406 
226000 406 
227000 406 
228000 406 
229000 406 
230000 406 
231000 406 
232000 406 
233000 406 
234000 406 
235000 406 
236000 406 
237000 406 
238000 406 
239000 406 
240000 406 
241000 406 
242000 406 
243000 406 
244000 406 
245000 406 
246000 406 
247000 406 
248000 406 
249000 406 
