1000 394 
2000 400 
3000 400 
4000 400 
5000 400 
6000 400 
7000 400 
8000 400 
9000 400 
10000 400 
11000 400 
12000 400 
13000 400 
14000 400 
15000 400 
16000 400 
17000 400 
18000 400 
19000 400 
20000 400 
21000 400 
22000 400 
23000 402 
24000 402 
25000 402 
26000 402 
27000 402 
28000 402 
29000 402 
30000 402 
31000 402 
32000 402 
33000 402 
34000 402 
35000 402 
36000 402 
37000 402 
38000 402 
39000 402 
40000 402 
41000 402 
42000 402 
43000 402 
44000 402 
45000 402 
46000 402 
47000 402 
48000 402 
49000 402 
50000 402 
51000 402 
52000 402 
53000 402 
54000 402 
55000 402 
56000 402 
57000 402 
58000 402 
59000 402 
60000 402 
61000 402 
62000 402 
63000 402 
64000 402 
65000 402 
66000 402 
67000 402 
68000 405 
69000 405 
70000 405 
71000 405 
72000 405 
73000 405 
74000 405 
75000 405 
76000 405 
77000 405 
78000 405 
79000 405 
80000 405 
81000 405 
82000 405 
83000 405 
84000 405 
85000 405 
86000 405 
87000 405 
88000 405 
89000 405 
90000 405 
91000 405 
92000 405 
93000 405 
94000 405 
95000 405 
96000 405 
97000 405 
98000 405 
99000 405 
100000 405 
101000 405 
102000 405 
103000 405 
104000 405 
105000 405 
106000 405 
107000 405 
108000 405 
109000 405 
110000 405 
111000 405 
112000 405 
113000 405 
114000 405 
115000 405 
116000 405 
117000 405 
118000 405 
119000 405 
120000 405 
121000 405 
122000 405 
123000 405 
124000 405 
125000 405 
126000 405 
127000 405 
128000 405 
129000 405 
130000 405 
131000 405 
132000 405 
133000 405 
134000 405 
135000 405 
136000 405 
137000 405 
138000 405 
139000 405 
140000 405 
141000 405 
142000 405 
143000 405 
144000 405 
145000 405 
146000 405 
147000 405 
148000 405 
149000 405 
150000 405 
151000 405 
152000 405 
153000 405 
154000 405 
155000 405 
156000 405 
157000 405 
158000 405 
159000 405 
160000 405 
161000 405 
162000 405 
163000 405 
164000 405 
165000 405 
166000 405 
167000 405 
168000 405 
169000 405 
170000 405 
171000 405 
172000 405 
173000 405 
174000 405 
175000 405 
176000 405 
177000 405 
178000 405 
179000 405 
180000 405 
181000 405 
182000 405 
183000 405 
184000 405 
185000 405 
186000 405 
187000 405 
188000 405 
189000 405 
190000 405 
191000 405 
192000 405 
193000 405 
194000 405 
195000 405 
196000 405 
197000 405 
198000 405 
199000 405 
200000 405 
201000 405 
202000 405 
203000 405 
204000 405 
205000 405 
206000 405 
207000 405 
208000 405 
209000 405 
210000 405 
211000 405 
212000 405 
213000 405 
214000 405 
215000 405 
216000 405 
217000 405 
218000 405 
219000 405 
220000 405 
221000 405 
222000 405 
223000 405 
224000 405 
225000 405 
226000 405 
227000 405 
228000 405 
229000 405 
230000 405 
231000 405 
232000 405 
233000 405 
234000 405 
235000 405 
236000 405 
237000 405 
238000 405 
239000 405 
240000 405 
241000 405 
242000 405 
243000 405 
244000 405 
245000 405 
246000 405 
247000 405 
248000 405 
249000 405 
250000 405 
1000 395 
2000 395 
3000 395 
4000 399 
5000 399 
6000 399 
7000 399 
8000 399 
9000 399 
10000 399 
11000 399 
12000 399 
13000 399 
14000 399 
15000 399 
16000 400 
17000 400 
18000 400 
19000 400 
20000 400 
21000 400 
22000 400 
23000 400 
24000 400 
25000 400 
26000 401 
27000 404 
28000 404 
29000 404 
30000 404 
31000 404 
32000 404 
33000 404 
34000 404 
35000 404 
36000 404 
37000 404 
38000 404 
39000 404 
40000 404 
41000 404 
42000 404 
43000 404 
44000 404 
45000 404 
46000 404 
47000 404 
48000 404 
49000 404 
50000 404 
51000 404 
52000 404 
53000 404 
54000 404 
55000 404 
56000 404 
57000 404 
58000 404 
59000 404 
60000 404 
61000 404 
62000 404 
63000 404 
64000 404 
65000 404 
66000 404 
67000 404 
68000 404 
69000 404 
70000 404 
71000 404 
72000 404 
73000 404 
74000 404 
75000 404 
76000 404 
77000 404 
78000 404 
79000 404 
80000 404 
81000 404 
82000 404 
83000 404 
84000 404 
85000 404 
86000 404 
87000 404 
88000 404 
89000 404 
90000 404 
91000 404 
92000 404 
93000 404 
94000 404 
95000 404 
96000 404 
97000 404 
98000 404 
99000 404 
100000 404 
101000 404 
102000 404 
103000 404 
104000 404 
105000 404 
106000 404 
107000 404 
108000 404 
109000 404 
110000 404 
111000 404 
112000 404 
113000 404 
114000 404 
115000 404 
116000 404 
117000 404 
118000 404 
119000 404 
120000 404 
121000 404 
122000 404 
123000 404 
124000 404 
125000 404 
126000 404 
127000 404 
128000 404 
129000 404 
130000 404 
131000 404 
132000 404 
133000 404 
134000 404 
135000 404 
136000 404 
137000 404 
138000 404 
139000 404 
140000 404 
141000 404 
142000 404 
143000 404 
144000 404 
145000 404 
146000 404 
147000 404 
148000 404 
149000 404 
150000 404 
151000 404 
152000 404 
153000 404 
154000 404 
155000 404 
156000 404 
157000 404 
158000 404 
159000 404 
160000 404 
161000 404 
162000 404 
163000 404 
164000 404 
165000 404 
166000 404 
167000 404 
168000 404 
169000 404 
170000 404 
171000 404 
172000 404 
173000 404 
174000 404 
175000 404 
176000 404 
177000 404 
178000 404 
179000 404 
180000 404 
181000 404 
182000 404 
183000 404 
184000 404 
185000 404 
186000 404 
187000 404 
188000 404 
189000 404 
190000 404 
191000 404 
192000 404 
193000 404 
194000 404 
195000 404 
196000 404 
197000 404 
198000 404 
199000 404 
200000 404 
201000 404 
202000 404 
203000 404 
204000 404 
205000 404 
206000 404 
207000 404 
208000 404 
209000 404 
210000 404 
211000 404 
212000 404 
213000 404 
214000 404 
215000 404 
216000 404 
217000 404 
218000 404 
219000 404 
220000 404 
221000 404 
222000 404 
223000 404 
224000 404 
225000 404 
226000 404 
227000 404 
228000 404 
229000 404 
230000 404 
231000 404 
232000 404 
233000 404 
234000 404 
235000 404 
236000 404 
237000 404 
238000 404 
239000 404 
240000 404 
241000 404 
242000 404 
243000 404 
244000 404 
245000 404 
246000 404 
247000 404 
248000 404 
249000 404 
