1000 397 
2000 397 
3000 397 
4000 399 
5000 399 
6000 399 
7000 399 
8000 399 
9000 399 
10000 399 
11000 399 
12000 399 
13000 399 
14000 399 
15000 399 
16000 399 
17000 402 
18000 402 
19000 402 
20000 402 
21000 402 
22000 402 
23000 402 
24000 402 
25000 402 
26000 402 
27000 402 
28000 402 
29000 402 
30000 402 
31000 402 
32000 402 
33000 402 
34000 402 
35000 402 
36000 402 
37000 402 
38000 402 
39000 402 
40000 402 
41000 402 
42000 402 
43000 402 
44000 402 
45000 402 
46000 402 
47000 402 
48000 402 
49000 402 
50000 402 
51000 402 
52000 402 
53000 402 
54000 402 
55000 402 
56000 402 
57000 402 
58000 402 
59000 402 
60000 402 
61000 402 
62000 402 
63000 402 
64000 402 
65000 402 
66000 402 
67000 402 
68000 402 
69000 402 
70000 402 
71000 402 
72000 402 
73000 402 
74000 402 
75000 402 
76000 402 
77000 402 
78000 402 
79000 402 
80000 402 
81000 402 
82000 402 
83000 402 
84000 402 
85000 402 
86000 402 
87000 402 
88000 402 
89000 402 
90000 402 
91000 402 
92000 402 
93000 402 
94000 402 
95000 402 
96000 402 
97000 402 
98000 402 
99000 402 
100000 402 
101000 402 
102000 402 
103000 402 
104000 402 
105000 402 
106000 402 
107000 402 
108000 402 
109000 402 
110000 402 
111000 402 
112000 402 
113000 402 
114000 402 
115000 402 
116000 402 
117000 402 
118000 402 
119000 402 
120000 402 
121000 402 
122000 402 
123000 402 
124000 402 
125000 402 
126000 402 
127000 402 
128000 402 
129000 402 
130000 402 
131000 402 
132000 402 
133000 402 
134000 402 
135000 402 
136000 402 
137000 402 
138000 402 
139000 402 
140000 402 
141000 402 
142000 402 
143000 402 
144000 402 
145000 402 
146000 402 
147000 402 
148000 402 
149000 402 
150000 402 
151000 402 
152000 402 
153000 402 
154000 402 
155000 402 
156000 402 
157000 402 
158000 402 
159000 402 
160000 402 
161000 402 
162000 402 
163000 402 
164000 402 
165000 402 
166000 402 
167000 402 
168000 402 
169000 402 
170000 402 
171000 402 
172000 402 
173000 402 
174000 402 
175000 402 
176000 402 
177000 402 
178000 402 
179000 402 
180000 402 
181000 402 
182000 402 
183000 402 
184000 402 
185000 402 
186000 402 
187000 402 
188000 402 
189000 402 
190000 402 
191000 402 
192000 402 
193000 402 
194000 402 
195000 402 
196000 402 
197000 402 
198000 402 
199000 402 
200000 402 
201000 402 
202000 402 
203000 402 
204000 402 
205000 402 
206000 402 
207000 402 
208000 402 
209000 402 
210000 402 
211000 402 
212000 402 
213000 402 
214000 402 
215000 402 
216000 402 
217000 402 
218000 402 
219000 403 
220000 403 
221000 403 
222000 403 
223000 403 
224000 403 
225000 403 
226000 403 
227000 403 
228000 403 
229000 403 
230000 403 
231000 403 
232000 403 
233000 403 
234000 403 
235000 403 
236000 403 
237000 403 
238000 403 
239000 403 
240000 403 
241000 403 
242000 403 
243000 403 
244000 403 
245000 403 
246000 403 
247000 403 
248000 403 
249000 403 
250000 403 
1000 395 
2000 395 
3000 396 
4000 398 
5000 398 
6000 398 
7000 398 
8000 400 
9000 400 
10000 400 
11000 400 
12000 400 
13000 400 
14000 400 
15000 400 
16000 400 
17000 400 
18000 400 
19000 400 
20000 400 
21000 400 
22000 400 
23000 400 
24000 400 
25000 400 
26000 400 
27000 400 
28000 400 
29000 401 
30000 401 
31000 401 
32000 401 
33000 401 
34000 401 
35000 401 
36000 401 
37000 401 
38000 401 
39000 401 
40000 401 
41000 401 
42000 401 
43000 401 
44000 401 
45000 401 
46000 401 
47000 401 
48000 401 
49000 401 
50000 401 
51000 401 
52000 401 
53000 401 
54000 401 
55000 401 
56000 401 
57000 402 
58000 402 
59000 402 
60000 402 
61000 402 
62000 402 
63000 402 
64000 402 
65000 402 
66000 402 
67000 402 
68000 402 
69000 402 
70000 402 
71000 402 
72000 402 
73000 402 
74000 402 
75000 402 
76000 402 
77000 402 
78000 404 
79000 404 
80000 404 
81000 404 
82000 404 
83000 404 
84000 404 
85000 404 
86000 404 
87000 404 
88000 404 
89000 404 
90000 404 
91000 404 
92000 404 
93000 404 
94000 404 
95000 404 
96000 404 
97000 404 
98000 404 
99000 404 
100000 404 
101000 404 
102000 404 
103000 404 
104000 404 
105000 404 
106000 404 
107000 404 
108000 404 
109000 404 
110000 404 
111000 404 
112000 404 
113000 404 
114000 404 
115000 404 
116000 404 
117000 404 
118000 404 
119000 404 
120000 404 
121000 404 
122000 404 
123000 404 
124000 404 
125000 404 
126000 404 
127000 404 
128000 404 
129000 404 
130000 404 
131000 404 
132000 404 
133000 404 
134000 404 
135000 404 
136000 404 
137000 404 
138000 404 
139000 404 
140000 404 
141000 404 
142000 404 
143000 404 
144000 404 
145000 404 
146000 404 
147000 404 
148000 404 
149000 404 
150000 404 
151000 404 
152000 404 
153000 404 
154000 404 
155000 404 
156000 404 
157000 404 
158000 404 
159000 404 
160000 404 
161000 404 
162000 404 
163000 404 
164000 404 
165000 404 
166000 404 
167000 404 
168000 404 
169000 404 
170000 404 
171000 404 
172000 404 
173000 404 
174000 404 
175000 404 
176000 404 
177000 404 
178000 404 
179000 404 
180000 404 
181000 404 
182000 404 
183000 404 
184000 404 
185000 404 
186000 404 
187000 404 
188000 404 
189000 404 
190000 404 
191000 404 
192000 404 
193000 404 
194000 404 
195000 404 
196000 404 
197000 404 
198000 404 
199000 404 
200000 404 
201000 404 
202000 404 
203000 404 
204000 404 
205000 404 
206000 404 
207000 404 
208000 404 
209000 404 
210000 404 
211000 404 
212000 404 
213000 404 
214000 404 
215000 404 
216000 404 
217000 404 
218000 404 
219000 404 
220000 404 
221000 404 
222000 404 
223000 404 
224000 404 
225000 404 
226000 404 
227000 404 
228000 404 
229000 404 
230000 404 
231000 404 
232000 404 
233000 404 
234000 404 
235000 404 
236000 404 
237000 404 
238000 404 
239000 404 
240000 404 
241000 404 
242000 404 
243000 404 
244000 404 
245000 404 
246000 404 
247000 404 
248000 404 
249000 404 
