1000 407 
2000 407 
3000 407 
4000 407 
5000 407 
6000 407 
7000 407 
8000 407 
9000 407 
10000 407 
1000 395 
2000 401 
3000 401 
4000 401 
5000 401 
6000 401 
7000 401 
8000 401 
9000 401 
10000 401 
11000 401 
12000 401 
13000 401 
14000 401 
15000 401 
16000 401 
17000 401 
18000 401 
19000 401 
20000 401 
21000 401 
22000 401 
23000 401 
24000 401 
25000 401 
26000 401 
27000 401 
28000 401 
29000 405 
30000 405 
31000 405 
32000 405 
33000 405 
34000 405 
35000 405 
36000 405 
37000 405 
38000 405 
39000 405 
40000 405 
41000 405 
42000 405 
43000 405 
44000 405 
45000 405 
46000 405 
47000 405 
48000 405 
49000 405 
50000 405 
51000 405 
52000 405 
53000 405 
54000 405 
55000 405 
56000 405 
57000 405 
58000 405 
59000 405 
60000 405 
61000 405 
62000 405 
63000 405 
64000 405 
65000 405 
66000 405 
67000 405 
68000 405 
69000 405 
70000 405 
71000 405 
72000 405 
73000 405 
74000 405 
75000 405 
76000 405 
77000 405 
78000 405 
79000 405 
80000 405 
81000 405 
82000 405 
83000 405 
84000 405 
85000 405 
86000 405 
87000 405 
88000 405 
89000 405 
90000 405 
91000 405 
92000 405 
93000 405 
94000 405 
95000 405 
96000 405 
97000 405 
98000 405 
99000 405 
100000 405 
101000 405 
102000 405 
103000 405 
104000 405 
105000 405 
106000 405 
107000 405 
108000 405 
109000 405 
110000 405 
111000 405 
112000 405 
113000 405 
114000 405 
115000 405 
116000 405 
117000 405 
118000 405 
119000 405 
120000 405 
121000 405 
122000 405 
123000 405 
124000 405 
125000 405 
126000 405 
127000 405 
128000 405 
129000 405 
130000 405 
131000 405 
132000 405 
133000 405 
134000 405 
135000 405 
136000 405 
137000 405 
138000 405 
139000 405 
140000 405 
141000 405 
142000 405 
143000 405 
144000 405 
145000 405 
146000 405 
147000 405 
148000 405 
149000 405 
150000 405 
151000 405 
152000 405 
153000 405 
154000 405 
155000 405 
156000 405 
157000 405 
158000 405 
159000 405 
160000 405 
161000 405 
162000 405 
163000 405 
164000 405 
165000 405 
166000 405 
167000 405 
168000 405 
169000 405 
170000 405 
171000 405 
172000 405 
173000 405 
174000 405 
175000 405 
176000 405 
177000 405 
178000 405 
179000 405 
180000 405 
181000 405 
182000 405 
183000 405 
184000 405 
185000 405 
186000 405 
187000 405 
188000 405 
189000 405 
190000 405 
191000 405 
192000 405 
193000 405 
194000 405 
195000 405 
196000 405 
197000 405 
198000 405 
199000 405 
200000 405 
201000 405 
202000 405 
203000 405 
204000 405 
205000 405 
206000 405 
207000 405 
208000 405 
209000 405 
210000 405 
211000 405 
212000 405 
213000 405 
214000 405 
215000 405 
216000 405 
217000 405 
218000 405 
219000 405 
220000 405 
221000 405 
222000 405 
223000 405 
224000 405 
225000 405 
226000 405 
227000 405 
228000 405 
229000 405 
230000 405 
231000 405 
232000 405 
233000 405 
234000 405 
235000 405 
236000 405 
237000 405 
238000 405 
239000 405 
240000 405 
241000 405 
242000 405 
243000 405 
244000 405 
245000 405 
246000 405 
247000 405 
248000 405 
249000 405 
