1000 397 
2000 397 
3000 397 
4000 397 
5000 397 
6000 397 
7000 398 
8000 398 
9000 398 
10000 398 
11000 398 
12000 398 
13000 398 
14000 398 
15000 399 
16000 399 
17000 399 
18000 399 
19000 400 
20000 400 
21000 400 
22000 400 
23000 400 
24000 400 
25000 400 
26000 400 
27000 400 
28000 400 
29000 400 
30000 400 
31000 400 
32000 404 
33000 404 
34000 404 
35000 404 
36000 404 
37000 404 
38000 404 
39000 404 
40000 404 
41000 404 
42000 404 
43000 404 
44000 404 
45000 404 
46000 404 
47000 404 
48000 404 
49000 404 
50000 404 
51000 404 
52000 404 
53000 404 
54000 404 
55000 404 
56000 404 
57000 404 
58000 404 
59000 404 
60000 404 
61000 404 
62000 404 
63000 404 
64000 404 
65000 404 
66000 404 
67000 404 
68000 404 
69000 404 
70000 404 
71000 404 
72000 404 
73000 404 
74000 404 
75000 404 
76000 404 
77000 404 
78000 404 
79000 404 
80000 404 
81000 404 
82000 404 
83000 404 
84000 404 
85000 404 
86000 404 
87000 404 
88000 404 
89000 404 
90000 404 
91000 404 
92000 404 
93000 404 
94000 404 
95000 404 
96000 404 
97000 404 
98000 404 
99000 404 
100000 404 
101000 404 
102000 404 
103000 404 
104000 404 
105000 404 
106000 404 
107000 404 
108000 404 
109000 404 
110000 404 
111000 404 
112000 404 
113000 404 
114000 404 
115000 404 
116000 404 
117000 404 
118000 404 
119000 404 
120000 404 
121000 404 
122000 404 
123000 404 
124000 404 
125000 404 
126000 404 
127000 404 
128000 404 
129000 404 
130000 404 
131000 404 
132000 404 
133000 404 
134000 404 
135000 404 
136000 404 
137000 404 
138000 404 
139000 404 
140000 404 
141000 404 
142000 404 
143000 404 
144000 404 
145000 404 
146000 404 
147000 404 
148000 404 
149000 404 
150000 404 
151000 404 
152000 404 
153000 404 
154000 404 
155000 404 
156000 404 
157000 404 
158000 404 
159000 404 
160000 404 
161000 404 
162000 404 
163000 404 
164000 404 
165000 404 
166000 404 
167000 404 
168000 404 
169000 404 
170000 404 
171000 404 
172000 404 
173000 404 
174000 404 
175000 404 
176000 404 
177000 404 
178000 404 
179000 404 
180000 404 
181000 404 
182000 404 
183000 404 
184000 404 
185000 404 
186000 404 
187000 404 
188000 404 
189000 404 
190000 404 
191000 404 
192000 404 
193000 404 
194000 404 
195000 404 
196000 404 
197000 404 
198000 404 
199000 404 
200000 404 
201000 404 
202000 404 
203000 404 
204000 404 
205000 404 
206000 404 
207000 404 
208000 404 
209000 404 
210000 404 
211000 404 
212000 404 
213000 404 
214000 404 
215000 404 
216000 404 
217000 404 
218000 404 
219000 404 
220000 404 
221000 404 
222000 404 
223000 404 
224000 404 
225000 404 
226000 404 
227000 404 
228000 404 
229000 404 
230000 404 
231000 404 
232000 404 
233000 404 
234000 404 
235000 404 
236000 404 
237000 404 
238000 404 
239000 404 
240000 404 
241000 404 
242000 404 
243000 404 
244000 404 
245000 404 
246000 404 
247000 404 
248000 404 
249000 404 
250000 404 
1000 394 
2000 397 
3000 397 
4000 397 
5000 397 
6000 397 
7000 397 
8000 397 
9000 397 
10000 397 
11000 397 
12000 397 
13000 398 
14000 398 
15000 398 
16000 398 
17000 398 
18000 398 
19000 398 
20000 398 
21000 398 
22000 398 
23000 398 
24000 398 
25000 399 
26000 401 
27000 401 
28000 401 
29000 401 
30000 401 
31000 401 
32000 401 
33000 401 
34000 401 
35000 401 
36000 401 
37000 401 
38000 401 
39000 401 
40000 401 
41000 401 
42000 401 
43000 401 
44000 401 
45000 402 
46000 402 
47000 402 
48000 402 
49000 402 
50000 403 
51000 403 
52000 403 
53000 403 
54000 403 
55000 403 
56000 403 
57000 403 
58000 403 
59000 403 
60000 403 
61000 403 
62000 403 
63000 403 
64000 403 
65000 403 
66000 403 
67000 403 
68000 403 
69000 403 
70000 403 
71000 403 
72000 403 
73000 403 
74000 403 
75000 403 
76000 403 
77000 403 
78000 403 
79000 403 
80000 403 
81000 403 
82000 403 
83000 403 
84000 403 
85000 403 
86000 403 
87000 403 
88000 403 
89000 403 
90000 403 
91000 403 
92000 403 
93000 403 
94000 403 
95000 403 
96000 403 
97000 403 
98000 403 
99000 403 
100000 403 
101000 403 
102000 403 
103000 403 
104000 403 
105000 403 
106000 403 
107000 403 
108000 403 
109000 403 
110000 403 
111000 403 
112000 403 
113000 403 
114000 403 
115000 403 
116000 403 
117000 403 
118000 403 
119000 403 
120000 403 
121000 403 
122000 403 
123000 403 
124000 403 
125000 403 
126000 403 
127000 403 
128000 403 
129000 404 
130000 404 
131000 404 
132000 404 
133000 404 
134000 404 
135000 404 
136000 404 
137000 404 
138000 404 
139000 404 
140000 404 
141000 404 
142000 404 
143000 404 
144000 404 
145000 404 
146000 404 
147000 404 
148000 404 
149000 404 
150000 404 
151000 404 
152000 404 
153000 404 
154000 404 
155000 404 
156000 404 
157000 404 
158000 404 
159000 404 
160000 404 
161000 404 
162000 404 
163000 404 
164000 404 
165000 404 
166000 404 
167000 404 
168000 404 
169000 404 
170000 404 
171000 404 
172000 404 
173000 404 
174000 404 
175000 404 
176000 404 
177000 404 
178000 404 
179000 404 
180000 404 
181000 404 
182000 404 
183000 404 
184000 404 
185000 404 
186000 404 
187000 404 
188000 404 
189000 404 
190000 404 
191000 404 
192000 404 
193000 404 
194000 404 
195000 404 
196000 404 
197000 404 
198000 404 
199000 404 
200000 404 
201000 404 
202000 404 
203000 404 
204000 404 
205000 404 
206000 404 
207000 404 
208000 404 
209000 404 
210000 404 
211000 404 
212000 404 
213000 404 
214000 404 
215000 404 
216000 404 
217000 404 
218000 404 
219000 404 
220000 404 
221000 404 
222000 404 
223000 404 
224000 404 
225000 404 
226000 404 
227000 404 
228000 404 
229000 404 
230000 404 
231000 404 
232000 404 
233000 404 
234000 404 
235000 404 
236000 404 
237000 404 
238000 404 
239000 404 
240000 404 
241000 404 
242000 404 
243000 404 
244000 404 
245000 404 
246000 404 
247000 404 
248000 404 
249000 404 
