1000 397 
2000 397 
3000 397 
4000 397 
5000 397 
6000 398 
7000 398 
8000 400 
9000 400 
10000 400 
11000 400 
12000 400 
13000 400 
14000 400 
15000 400 
16000 400 
17000 400 
18000 400 
19000 400 
20000 400 
21000 400 
22000 400 
23000 400 
24000 400 
25000 402 
26000 402 
27000 402 
28000 402 
29000 402 
30000 402 
31000 402 
32000 402 
33000 402 
34000 402 
35000 402 
36000 402 
37000 402 
38000 402 
39000 402 
40000 402 
41000 402 
42000 402 
43000 402 
44000 402 
45000 402 
46000 402 
47000 402 
48000 402 
49000 402 
50000 402 
51000 402 
52000 402 
53000 402 
54000 402 
55000 402 
56000 402 
57000 402 
58000 402 
59000 402 
60000 402 
61000 402 
62000 402 
63000 402 
64000 402 
65000 402 
66000 402 
67000 402 
68000 402 
69000 402 
70000 402 
71000 402 
72000 402 
73000 402 
74000 402 
75000 402 
76000 402 
77000 402 
78000 402 
79000 402 
80000 402 
81000 402 
82000 402 
83000 402 
84000 402 
85000 402 
86000 402 
87000 402 
88000 402 
89000 402 
90000 402 
91000 402 
92000 402 
93000 402 
94000 402 
95000 402 
96000 404 
97000 404 
98000 404 
99000 404 
100000 404 
101000 404 
102000 404 
103000 404 
104000 404 
105000 404 
106000 404 
107000 404 
108000 404 
109000 404 
110000 404 
111000 404 
112000 404 
113000 404 
114000 404 
115000 404 
116000 404 
117000 404 
118000 404 
119000 406 
120000 406 
121000 406 
122000 406 
123000 406 
124000 406 
125000 406 
126000 406 
127000 406 
128000 406 
129000 406 
130000 406 
131000 406 
132000 406 
133000 406 
134000 406 
135000 406 
136000 406 
137000 406 
138000 406 
139000 406 
140000 406 
141000 406 
142000 406 
143000 406 
144000 406 
145000 406 
146000 406 
147000 406 
148000 406 
149000 406 
150000 406 
151000 406 
152000 406 
153000 406 
154000 406 
155000 406 
156000 406 
157000 406 
158000 406 
159000 406 
160000 406 
161000 406 
162000 406 
163000 406 
164000 406 
165000 406 
166000 406 
167000 406 
168000 406 
169000 406 
170000 406 
171000 406 
172000 406 
173000 406 
174000 406 
175000 406 
176000 406 
177000 406 
178000 406 
179000 406 
180000 406 
181000 406 
182000 406 
183000 406 
184000 406 
185000 406 
186000 406 
187000 406 
188000 406 
189000 406 
190000 406 
191000 406 
192000 406 
193000 406 
194000 406 
195000 406 
196000 406 
197000 406 
198000 406 
199000 406 
200000 406 
201000 406 
202000 406 
203000 406 
204000 406 
205000 406 
206000 406 
207000 406 
208000 406 
209000 406 
210000 406 
211000 406 
212000 406 
213000 406 
214000 406 
215000 406 
216000 406 
217000 406 
218000 406 
219000 406 
220000 406 
221000 406 
222000 406 
223000 406 
224000 406 
225000 406 
226000 406 
227000 406 
228000 406 
229000 406 
230000 406 
231000 406 
232000 406 
233000 406 
234000 406 
235000 406 
236000 406 
237000 406 
238000 406 
239000 406 
240000 406 
241000 406 
242000 406 
243000 406 
244000 406 
245000 406 
246000 406 
247000 406 
248000 406 
249000 406 
250000 406 
1000 397 
2000 398 
3000 399 
4000 399 
5000 404 
6000 404 
7000 404 
8000 404 
9000 404 
10000 404 
11000 404 
12000 404 
13000 404 
14000 404 
15000 404 
16000 404 
17000 404 
18000 404 
19000 404 
20000 404 
21000 404 
22000 404 
23000 404 
24000 404 
25000 404 
26000 404 
27000 404 
28000 404 
29000 404 
30000 404 
31000 404 
32000 404 
33000 404 
34000 404 
35000 404 
36000 404 
37000 404 
38000 404 
39000 404 
40000 404 
41000 404 
42000 404 
43000 404 
44000 404 
45000 404 
46000 404 
47000 404 
48000 404 
49000 404 
50000 404 
51000 404 
52000 404 
53000 404 
54000 404 
55000 404 
56000 404 
57000 404 
58000 404 
59000 404 
60000 404 
61000 404 
62000 404 
63000 404 
64000 404 
65000 404 
66000 404 
67000 404 
68000 404 
69000 404 
70000 404 
71000 404 
72000 404 
73000 404 
74000 404 
75000 404 
76000 404 
77000 404 
78000 404 
79000 404 
80000 404 
81000 404 
82000 404 
83000 404 
84000 404 
85000 404 
86000 404 
87000 404 
88000 404 
89000 404 
90000 404 
91000 404 
92000 404 
93000 404 
94000 404 
95000 404 
96000 404 
97000 404 
98000 404 
99000 404 
100000 404 
101000 404 
102000 404 
103000 404 
104000 404 
105000 404 
106000 404 
107000 404 
108000 404 
109000 404 
110000 404 
111000 404 
112000 404 
113000 404 
114000 404 
115000 404 
116000 404 
117000 404 
118000 404 
119000 404 
120000 404 
121000 404 
122000 404 
123000 404 
124000 404 
125000 404 
126000 404 
127000 404 
128000 404 
129000 404 
130000 404 
131000 404 
132000 404 
133000 404 
134000 404 
135000 404 
136000 404 
137000 404 
138000 404 
139000 404 
140000 404 
141000 404 
142000 404 
143000 404 
144000 404 
145000 404 
146000 404 
147000 404 
148000 404 
149000 404 
150000 404 
151000 404 
152000 404 
153000 404 
154000 404 
155000 404 
156000 404 
157000 404 
158000 404 
159000 404 
160000 404 
161000 404 
162000 404 
163000 404 
164000 404 
165000 404 
166000 404 
167000 404 
168000 404 
169000 404 
170000 404 
171000 404 
172000 404 
173000 404 
174000 404 
175000 404 
176000 404 
177000 404 
178000 404 
179000 404 
180000 404 
181000 404 
182000 404 
183000 404 
184000 404 
185000 404 
186000 404 
187000 404 
188000 404 
189000 404 
190000 404 
191000 404 
192000 404 
193000 404 
194000 404 
195000 404 
196000 404 
197000 404 
198000 404 
199000 404 
200000 404 
201000 404 
202000 404 
203000 404 
204000 404 
205000 404 
206000 404 
207000 404 
208000 404 
209000 404 
210000 404 
211000 404 
212000 404 
213000 404 
214000 404 
215000 404 
216000 404 
217000 404 
218000 404 
219000 404 
220000 404 
221000 404 
222000 404 
223000 404 
224000 404 
225000 404 
226000 404 
227000 404 
228000 404 
229000 404 
230000 404 
231000 404 
232000 404 
233000 404 
234000 404 
235000 404 
236000 404 
237000 404 
238000 404 
239000 404 
240000 404 
241000 404 
242000 404 
243000 404 
244000 404 
245000 404 
246000 404 
247000 404 
248000 404 
249000 404 
