1000 399 
2000 405 
3000 405 
4000 405 
5000 405 
6000 405 
7000 405 
8000 405 
9000 405 
10000 405 
1000 399 
2000 399 
3000 402 
4000 402 
5000 402 
6000 402 
7000 402 
8000 402 
9000 402 
10000 402 
11000 402 
12000 402 
13000 402 
14000 402 
15000 402 
16000 402 
17000 402 
18000 402 
19000 402 
20000 402 
21000 402 
22000 402 
23000 402 
24000 402 
25000 402 
26000 402 
27000 402 
28000 402 
29000 402 
30000 402 
31000 402 
32000 402 
33000 402 
34000 402 
35000 402 
36000 402 
37000 402 
38000 402 
39000 402 
40000 402 
41000 402 
42000 402 
43000 402 
44000 402 
45000 402 
46000 402 
47000 402 
48000 402 
49000 402 
50000 402 
51000 402 
52000 402 
53000 402 
54000 402 
55000 402 
56000 402 
57000 402 
58000 402 
59000 402 
60000 402 
61000 402 
62000 402 
63000 402 
64000 402 
65000 402 
66000 402 
67000 402 
68000 402 
69000 402 
70000 402 
71000 402 
72000 402 
73000 402 
74000 402 
75000 402 
76000 402 
77000 402 
78000 402 
79000 402 
80000 402 
81000 402 
82000 402 
83000 402 
84000 402 
85000 402 
86000 402 
87000 402 
88000 402 
89000 402 
90000 402 
91000 402 
92000 402 
93000 402 
94000 402 
95000 402 
96000 402 
97000 402 
98000 402 
99000 402 
100000 402 
101000 402 
102000 402 
103000 402 
104000 402 
105000 402 
106000 402 
107000 402 
108000 402 
109000 402 
110000 402 
111000 402 
112000 402 
113000 402 
114000 402 
115000 402 
116000 402 
117000 402 
118000 402 
119000 402 
120000 402 
121000 402 
122000 402 
123000 402 
124000 402 
125000 402 
126000 402 
127000 402 
128000 402 
129000 402 
130000 402 
131000 402 
132000 402 
133000 402 
134000 402 
135000 402 
136000 402 
137000 402 
138000 402 
139000 402 
140000 402 
141000 402 
142000 402 
143000 402 
144000 402 
145000 402 
146000 402 
147000 402 
148000 402 
149000 402 
150000 402 
151000 402 
152000 402 
153000 402 
154000 402 
155000 402 
156000 402 
157000 402 
158000 402 
159000 402 
160000 402 
161000 402 
162000 402 
163000 402 
164000 402 
165000 402 
166000 402 
167000 402 
168000 402 
169000 402 
170000 402 
171000 402 
172000 402 
173000 402 
174000 402 
175000 402 
176000 402 
177000 402 
178000 402 
179000 402 
180000 402 
181000 402 
182000 402 
183000 402 
184000 402 
185000 402 
186000 402 
187000 402 
188000 402 
189000 402 
190000 402 
191000 402 
192000 402 
193000 402 
194000 402 
195000 402 
196000 402 
197000 402 
198000 402 
199000 402 
200000 402 
201000 402 
202000 402 
203000 402 
204000 402 
205000 402 
206000 402 
207000 402 
208000 402 
209000 402 
210000 402 
211000 402 
212000 402 
213000 402 
214000 402 
215000 402 
216000 402 
217000 403 
218000 403 
219000 403 
220000 403 
221000 403 
222000 403 
223000 403 
224000 403 
225000 403 
226000 403 
227000 403 
228000 403 
229000 403 
230000 403 
231000 403 
232000 403 
233000 403 
234000 403 
235000 403 
236000 403 
237000 403 
238000 403 
239000 403 
240000 403 
241000 403 
242000 403 
243000 403 
244000 403 
245000 403 
246000 403 
247000 403 
248000 403 
249000 403 
