1000 402 
2000 403 
3000 403 
4000 403 
5000 403 
6000 403 
7000 403 
8000 403 
9000 403 
10000 403 
1000 397 
2000 400 
3000 400 
4000 400 
5000 400 
6000 400 
7000 400 
8000 400 
9000 400 
10000 400 
11000 400 
12000 400 
13000 400 
14000 400 
15000 402 
16000 402 
17000 402 
18000 402 
19000 402 
20000 402 
21000 402 
22000 402 
23000 402 
24000 402 
25000 402 
26000 402 
27000 402 
28000 402 
29000 402 
30000 402 
31000 402 
32000 402 
33000 402 
34000 402 
35000 402 
36000 402 
37000 402 
38000 402 
39000 402 
40000 402 
41000 402 
42000 402 
43000 402 
44000 402 
45000 402 
46000 402 
47000 402 
48000 402 
49000 402 
50000 402 
51000 402 
52000 402 
53000 402 
54000 402 
55000 402 
56000 402 
57000 402 
58000 402 
59000 402 
60000 402 
61000 402 
62000 402 
63000 402 
64000 403 
65000 403 
66000 403 
67000 403 
68000 403 
69000 403 
70000 403 
71000 403 
72000 403 
73000 403 
74000 403 
75000 403 
76000 403 
77000 403 
78000 403 
79000 403 
80000 403 
81000 403 
82000 404 
83000 404 
84000 404 
85000 404 
86000 404 
87000 404 
88000 404 
89000 404 
90000 404 
91000 404 
92000 404 
93000 404 
94000 404 
95000 404 
96000 404 
97000 404 
98000 404 
99000 404 
100000 404 
101000 404 
102000 404 
103000 404 
104000 404 
105000 404 
106000 404 
107000 404 
108000 404 
109000 404 
110000 404 
111000 404 
112000 404 
113000 404 
114000 404 
115000 404 
116000 404 
117000 404 
118000 404 
119000 404 
120000 404 
121000 404 
122000 404 
123000 404 
124000 404 
125000 404 
126000 404 
127000 404 
128000 404 
129000 404 
130000 404 
131000 404 
132000 404 
133000 404 
134000 404 
135000 404 
136000 404 
137000 404 
138000 404 
139000 404 
140000 404 
141000 404 
142000 404 
143000 404 
144000 404 
145000 404 
146000 404 
147000 404 
148000 404 
149000 404 
150000 404 
151000 404 
152000 404 
153000 404 
154000 404 
155000 404 
156000 404 
157000 404 
158000 404 
159000 404 
160000 404 
161000 404 
162000 404 
163000 404 
164000 404 
165000 404 
166000 404 
167000 404 
168000 404 
169000 404 
170000 404 
171000 404 
172000 404 
173000 404 
174000 404 
175000 404 
176000 404 
177000 404 
178000 404 
179000 404 
180000 404 
181000 404 
182000 404 
183000 404 
184000 404 
185000 404 
186000 404 
187000 404 
188000 404 
189000 404 
190000 404 
191000 404 
192000 404 
193000 404 
194000 404 
195000 404 
196000 404 
197000 404 
198000 404 
199000 404 
200000 404 
201000 404 
202000 404 
203000 404 
204000 404 
205000 404 
206000 404 
207000 404 
208000 404 
209000 404 
210000 404 
211000 404 
212000 404 
213000 404 
214000 404 
215000 404 
216000 404 
217000 404 
218000 404 
219000 404 
220000 404 
221000 404 
222000 404 
223000 404 
224000 404 
225000 404 
226000 404 
227000 404 
228000 404 
229000 404 
230000 404 
231000 404 
232000 404 
233000 404 
234000 404 
235000 404 
236000 404 
237000 404 
238000 404 
239000 404 
240000 404 
241000 404 
242000 404 
243000 404 
244000 404 
245000 404 
246000 404 
247000 404 
248000 404 
249000 404 
