1000 400 
2000 401 
3000 401 
4000 401 
5000 401 
6000 401 
7000 401 
8000 403 
9000 403 
10000 403 
1000 398 
2000 398 
3000 398 
4000 398 
5000 398 
6000 399 
7000 399 
8000 399 
9000 400 
10000 400 
11000 400 
12000 400 
13000 400 
14000 400 
15000 402 
16000 402 
17000 402 
18000 402 
19000 402 
20000 402 
21000 402 
22000 402 
23000 402 
24000 402 
25000 402 
26000 402 
27000 402 
28000 402 
29000 402 
30000 402 
31000 402 
32000 402 
33000 402 
34000 402 
35000 402 
36000 402 
37000 402 
38000 402 
39000 402 
40000 405 
41000 405 
42000 405 
43000 405 
44000 405 
45000 405 
46000 405 
47000 405 
48000 405 
49000 405 
50000 405 
51000 405 
52000 405 
53000 405 
54000 405 
55000 405 
56000 405 
57000 405 
58000 405 
59000 405 
60000 405 
61000 405 
62000 405 
63000 405 
64000 405 
65000 405 
66000 405 
67000 405 
68000 405 
69000 405 
70000 405 
71000 405 
72000 405 
73000 405 
74000 405 
75000 405 
76000 405 
77000 405 
78000 405 
79000 405 
80000 405 
81000 405 
82000 405 
83000 405 
84000 405 
85000 405 
86000 405 
87000 405 
88000 405 
89000 405 
90000 405 
91000 405 
92000 405 
93000 405 
94000 405 
95000 405 
96000 405 
97000 405 
98000 405 
99000 405 
100000 405 
101000 405 
102000 405 
103000 405 
104000 406 
105000 406 
106000 406 
107000 406 
108000 406 
109000 406 
110000 406 
111000 406 
112000 406 
113000 406 
114000 406 
115000 406 
116000 406 
117000 406 
118000 406 
119000 406 
120000 406 
121000 406 
122000 406 
123000 406 
124000 406 
125000 406 
126000 406 
127000 406 
128000 406 
129000 406 
130000 406 
131000 406 
132000 406 
133000 406 
134000 406 
135000 406 
136000 406 
137000 406 
138000 406 
139000 406 
140000 406 
141000 406 
142000 406 
143000 406 
144000 406 
145000 406 
146000 406 
147000 406 
148000 406 
149000 406 
150000 406 
151000 406 
152000 406 
153000 406 
154000 406 
155000 406 
156000 406 
157000 406 
158000 406 
159000 406 
160000 406 
161000 406 
162000 406 
163000 406 
164000 406 
165000 406 
166000 406 
167000 406 
168000 406 
169000 406 
170000 406 
171000 406 
172000 406 
173000 406 
174000 406 
175000 406 
176000 406 
177000 406 
178000 406 
179000 406 
180000 406 
181000 406 
182000 406 
183000 406 
184000 406 
185000 406 
186000 406 
187000 406 
188000 406 
189000 406 
190000 406 
191000 406 
192000 406 
193000 406 
194000 406 
195000 406 
196000 406 
197000 406 
198000 406 
199000 406 
200000 406 
201000 406 
202000 406 
203000 406 
204000 406 
205000 406 
206000 406 
207000 406 
208000 406 
209000 406 
210000 406 
211000 406 
212000 406 
213000 406 
214000 406 
215000 406 
216000 406 
217000 406 
218000 406 
219000 406 
220000 406 
221000 406 
222000 406 
223000 406 
224000 406 
225000 406 
226000 406 
227000 406 
228000 406 
229000 406 
230000 406 
231000 406 
232000 406 
233000 406 
234000 406 
235000 406 
236000 406 
237000 406 
238000 406 
239000 406 
240000 406 
241000 406 
242000 406 
243000 406 
244000 406 
245000 406 
246000 406 
247000 406 
248000 406 
249000 406 
