1000 401 
2000 401 
3000 401 
4000 402 
5000 402 
6000 402 
7000 402 
8000 402 
9000 402 
10000 402 
1000 397 
2000 397 
3000 397 
4000 401 
5000 401 
6000 401 
7000 401 
8000 401 
9000 401 
10000 401 
11000 401 
12000 401 
13000 401 
14000 401 
15000 401 
16000 401 
17000 401 
18000 401 
19000 401 
20000 401 
21000 401 
22000 401 
23000 401 
24000 401 
25000 401 
26000 401 
27000 401 
28000 401 
29000 401 
30000 401 
31000 401 
32000 401 
33000 401 
34000 401 
35000 401 
36000 401 
37000 401 
38000 401 
39000 401 
40000 401 
41000 401 
42000 401 
43000 401 
44000 401 
45000 401 
46000 401 
47000 401 
48000 401 
49000 401 
50000 401 
51000 401 
52000 401 
53000 401 
54000 401 
55000 401 
56000 401 
57000 401 
58000 401 
59000 401 
60000 401 
61000 401 
62000 401 
63000 401 
64000 401 
65000 401 
66000 401 
67000 401 
68000 401 
69000 401 
70000 401 
71000 401 
72000 401 
73000 401 
74000 401 
75000 401 
76000 401 
77000 401 
78000 401 
79000 401 
80000 401 
81000 401 
82000 401 
83000 401 
84000 401 
85000 401 
86000 401 
87000 401 
88000 401 
89000 401 
90000 401 
91000 401 
92000 401 
93000 401 
94000 403 
95000 403 
96000 403 
97000 403 
98000 403 
99000 403 
100000 403 
101000 403 
102000 403 
103000 403 
104000 403 
105000 403 
106000 403 
107000 403 
108000 403 
109000 403 
110000 403 
111000 403 
112000 403 
113000 403 
114000 403 
115000 403 
116000 403 
117000 403 
118000 403 
119000 403 
120000 403 
121000 403 
122000 403 
123000 403 
124000 403 
125000 403 
126000 403 
127000 403 
128000 403 
129000 403 
130000 403 
131000 403 
132000 403 
133000 403 
134000 403 
135000 403 
136000 403 
137000 403 
138000 403 
139000 403 
140000 403 
141000 403 
142000 403 
143000 403 
144000 403 
145000 403 
146000 403 
147000 403 
148000 403 
149000 403 
150000 403 
151000 403 
152000 403 
153000 403 
154000 403 
155000 403 
156000 403 
157000 403 
158000 403 
159000 403 
160000 403 
161000 403 
162000 403 
163000 403 
164000 403 
165000 403 
166000 403 
167000 403 
168000 403 
169000 403 
170000 403 
171000 403 
172000 403 
173000 403 
174000 403 
175000 403 
176000 403 
177000 403 
178000 405 
179000 405 
180000 405 
181000 405 
182000 405 
183000 405 
184000 405 
185000 405 
186000 405 
187000 405 
188000 405 
189000 405 
190000 405 
191000 405 
192000 405 
193000 405 
194000 405 
195000 405 
196000 405 
197000 405 
198000 405 
199000 405 
200000 405 
201000 405 
202000 405 
203000 405 
204000 405 
205000 405 
206000 405 
207000 405 
208000 405 
209000 405 
210000 405 
211000 405 
212000 405 
213000 405 
214000 405 
215000 405 
216000 405 
217000 405 
218000 405 
219000 405 
220000 405 
221000 405 
222000 405 
223000 405 
224000 405 
225000 405 
226000 405 
227000 405 
228000 405 
229000 405 
230000 405 
231000 405 
232000 405 
233000 405 
234000 405 
235000 405 
236000 405 
237000 405 
238000 405 
239000 405 
240000 405 
241000 405 
242000 405 
243000 405 
244000 405 
245000 405 
246000 405 
247000 405 
248000 405 
249000 405 
