1000 398 
2000 398 
3000 399 
4000 399 
5000 399 
6000 399 
7000 399 
8000 399 
9000 399 
10000 399 
11000 399 
12000 399 
13000 399 
14000 399 
15000 399 
16000 399 
17000 399 
18000 399 
19000 399 
20000 399 
21000 399 
22000 399 
23000 399 
24000 399 
25000 399 
26000 399 
27000 399 
28000 399 
29000 399 
30000 399 
31000 399 
32000 399 
33000 399 
34000 399 
35000 399 
36000 399 
37000 399 
38000 399 
39000 399 
40000 399 
41000 399 
42000 399 
43000 399 
44000 399 
45000 399 
46000 399 
47000 399 
48000 399 
49000 399 
50000 399 
51000 402 
52000 402 
53000 402 
54000 402 
55000 402 
56000 402 
57000 402 
58000 402 
59000 402 
60000 402 
61000 402 
62000 402 
63000 402 
64000 402 
65000 403 
66000 403 
67000 403 
68000 403 
69000 403 
70000 403 
71000 403 
72000 403 
73000 403 
74000 403 
75000 403 
76000 403 
77000 403 
78000 403 
79000 403 
80000 403 
81000 403 
82000 403 
83000 403 
84000 403 
85000 403 
86000 403 
87000 403 
88000 403 
89000 403 
90000 403 
91000 403 
92000 403 
93000 403 
94000 403 
95000 403 
96000 403 
97000 403 
98000 403 
99000 403 
100000 403 
101000 403 
102000 403 
103000 403 
104000 403 
105000 403 
106000 403 
107000 403 
108000 403 
109000 403 
110000 403 
111000 403 
112000 403 
113000 403 
114000 403 
115000 403 
116000 403 
117000 403 
118000 403 
119000 403 
120000 403 
121000 403 
122000 403 
123000 403 
124000 403 
125000 403 
126000 403 
127000 403 
128000 403 
129000 403 
130000 403 
131000 403 
132000 403 
133000 403 
134000 403 
135000 403 
136000 403 
137000 403 
138000 403 
139000 403 
140000 403 
141000 403 
142000 403 
143000 403 
144000 403 
145000 403 
146000 403 
147000 403 
148000 403 
149000 403 
150000 403 
151000 403 
152000 403 
153000 403 
154000 403 
155000 403 
156000 403 
157000 403 
158000 403 
159000 403 
160000 403 
161000 403 
162000 403 
163000 403 
164000 403 
165000 403 
166000 403 
167000 403 
168000 403 
169000 403 
170000 403 
171000 403 
172000 403 
173000 403 
174000 403 
175000 403 
176000 403 
177000 403 
178000 403 
179000 403 
180000 403 
181000 403 
182000 403 
183000 403 
184000 403 
185000 403 
186000 403 
187000 403 
188000 403 
189000 403 
190000 403 
191000 403 
192000 403 
193000 403 
194000 403 
195000 403 
196000 403 
197000 403 
198000 403 
199000 403 
200000 403 
201000 403 
202000 403 
203000 403 
204000 403 
205000 403 
206000 403 
207000 403 
208000 403 
209000 404 
210000 404 
211000 404 
212000 404 
213000 404 
214000 404 
215000 404 
216000 404 
217000 404 
218000 404 
219000 404 
220000 404 
221000 404 
222000 404 
223000 404 
224000 404 
225000 404 
226000 404 
227000 404 
228000 404 
229000 404 
230000 404 
231000 404 
232000 404 
233000 404 
234000 404 
235000 404 
236000 404 
237000 404 
238000 404 
239000 404 
240000 404 
241000 404 
242000 404 
243000 404 
244000 404 
245000 404 
246000 404 
247000 404 
248000 404 
249000 404 
250000 404 
1000 399 
2000 399 
3000 399 
4000 399 
5000 399 
6000 399 
7000 399 
8000 399 
9000 399 
10000 399 
11000 399 
12000 399 
13000 399 
14000 401 
15000 401 
16000 401 
17000 401 
18000 401 
19000 401 
20000 401 
21000 401 
22000 401 
23000 401 
24000 401 
25000 401 
26000 401 
27000 401 
28000 401 
29000 401 
30000 401 
31000 401 
32000 401 
33000 401 
34000 401 
35000 401 
36000 401 
37000 401 
38000 401 
39000 401 
40000 401 
41000 401 
42000 401 
43000 401 
44000 401 
45000 401 
46000 401 
47000 401 
48000 401 
49000 401 
50000 403 
51000 403 
52000 403 
53000 403 
54000 403 
55000 403 
56000 403 
57000 403 
58000 403 
59000 403 
60000 403 
61000 403 
62000 403 
63000 403 
64000 403 
65000 403 
66000 403 
67000 403 
68000 403 
69000 403 
70000 403 
71000 403 
72000 403 
73000 403 
74000 403 
75000 403 
76000 403 
77000 403 
78000 403 
79000 403 
80000 403 
81000 403 
82000 403 
83000 403 
84000 403 
85000 403 
86000 403 
87000 403 
88000 403 
89000 403 
90000 403 
91000 403 
92000 403 
93000 403 
94000 403 
95000 403 
96000 403 
97000 403 
98000 403 
99000 403 
100000 403 
101000 403 
102000 403 
103000 403 
104000 403 
105000 403 
106000 403 
107000 403 
108000 403 
109000 403 
110000 403 
111000 403 
112000 403 
113000 403 
114000 403 
115000 403 
116000 403 
117000 403 
118000 403 
119000 403 
120000 403 
121000 403 
122000 403 
123000 403 
124000 403 
125000 403 
126000 403 
127000 403 
128000 403 
129000 403 
130000 403 
131000 403 
132000 403 
133000 403 
134000 403 
135000 403 
136000 403 
137000 403 
138000 403 
139000 403 
140000 403 
141000 403 
142000 403 
143000 403 
144000 403 
145000 403 
146000 403 
147000 403 
148000 403 
149000 403 
150000 403 
151000 403 
152000 403 
153000 403 
154000 403 
155000 403 
156000 403 
157000 403 
158000 403 
159000 403 
160000 403 
161000 403 
162000 403 
163000 403 
164000 403 
165000 403 
166000 403 
167000 403 
168000 403 
169000 403 
170000 403 
171000 403 
172000 403 
173000 403 
174000 403 
175000 403 
176000 403 
177000 403 
178000 403 
179000 403 
180000 403 
181000 403 
182000 403 
183000 403 
184000 403 
185000 403 
186000 403 
187000 403 
188000 403 
189000 403 
190000 403 
191000 403 
192000 403 
193000 403 
194000 403 
195000 403 
196000 403 
197000 403 
198000 403 
199000 403 
200000 403 
201000 403 
202000 403 
203000 403 
204000 403 
205000 403 
206000 403 
207000 403 
208000 403 
209000 403 
210000 403 
211000 403 
212000 403 
213000 403 
214000 403 
215000 403 
216000 403 
217000 403 
218000 403 
219000 403 
220000 403 
221000 403 
222000 403 
223000 403 
224000 403 
225000 403 
226000 403 
227000 403 
228000 403 
229000 403 
230000 403 
231000 403 
232000 403 
233000 403 
234000 406 
235000 406 
236000 406 
237000 406 
238000 406 
239000 406 
240000 406 
241000 406 
242000 406 
243000 406 
244000 406 
245000 406 
246000 406 
247000 406 
248000 406 
249000 406 
