1000 394 
2000 394 
3000 394 
4000 394 
5000 399 
6000 399 
7000 399 
8000 399 
9000 401 
10000 401 
11000 402 
12000 402 
13000 402 
14000 402 
15000 402 
16000 402 
17000 402 
18000 402 
19000 402 
20000 402 
21000 402 
22000 402 
23000 402 
24000 402 
25000 402 
26000 402 
27000 402 
28000 402 
29000 402 
30000 402 
31000 402 
32000 402 
33000 402 
34000 402 
35000 402 
36000 402 
37000 402 
38000 402 
39000 402 
40000 402 
41000 402 
42000 402 
43000 402 
44000 402 
45000 402 
46000 402 
47000 403 
48000 403 
49000 403 
50000 403 
51000 403 
52000 403 
53000 403 
54000 403 
55000 403 
56000 403 
57000 403 
58000 403 
59000 403 
60000 403 
61000 403 
62000 403 
63000 403 
64000 403 
65000 403 
66000 403 
67000 403 
68000 403 
69000 403 
70000 403 
71000 403 
72000 403 
73000 403 
74000 403 
75000 403 
76000 403 
77000 403 
78000 403 
79000 403 
80000 403 
81000 403 
82000 403 
83000 403 
84000 403 
85000 403 
86000 403 
87000 403 
88000 403 
89000 403 
90000 403 
91000 403 
92000 403 
93000 403 
94000 403 
95000 403 
96000 403 
97000 403 
98000 403 
99000 403 
100000 403 
101000 403 
102000 403 
103000 403 
104000 403 
105000 403 
106000 403 
107000 403 
108000 403 
109000 403 
110000 403 
111000 403 
112000 403 
113000 403 
114000 403 
115000 403 
116000 403 
117000 403 
118000 403 
119000 403 
120000 403 
121000 403 
122000 403 
123000 403 
124000 403 
125000 403 
126000 403 
127000 403 
128000 403 
129000 403 
130000 403 
131000 403 
132000 403 
133000 403 
134000 403 
135000 403 
136000 403 
137000 403 
138000 403 
139000 403 
140000 403 
141000 403 
142000 403 
143000 403 
144000 403 
145000 403 
146000 403 
147000 403 
148000 403 
149000 403 
150000 403 
151000 403 
152000 403 
153000 404 
154000 404 
155000 404 
156000 404 
157000 404 
158000 404 
159000 404 
160000 404 
161000 404 
162000 404 
163000 404 
164000 404 
165000 404 
166000 404 
167000 404 
168000 404 
169000 404 
170000 404 
171000 404 
172000 404 
173000 404 
174000 404 
175000 404 
176000 404 
177000 404 
178000 404 
179000 404 
180000 404 
181000 404 
182000 404 
183000 404 
184000 404 
185000 404 
186000 404 
187000 404 
188000 404 
189000 404 
190000 404 
191000 404 
192000 404 
193000 404 
194000 404 
195000 404 
196000 404 
197000 404 
198000 404 
199000 404 
200000 404 
201000 404 
202000 404 
203000 404 
204000 404 
205000 404 
206000 404 
207000 404 
208000 404 
209000 404 
210000 404 
211000 404 
212000 404 
213000 404 
214000 404 
215000 404 
216000 404 
217000 404 
218000 404 
219000 404 
220000 404 
221000 404 
222000 404 
223000 404 
224000 404 
225000 404 
226000 404 
227000 404 
228000 404 
229000 405 
230000 405 
231000 405 
232000 405 
233000 405 
234000 405 
235000 405 
236000 405 
237000 405 
238000 405 
239000 405 
240000 405 
241000 405 
242000 405 
243000 405 
244000 405 
245000 405 
246000 405 
247000 405 
248000 405 
249000 405 
250000 405 
1000 398 
2000 398 
3000 398 
4000 398 
5000 399 
6000 399 
7000 399 
8000 399 
9000 399 
10000 399 
11000 399 
12000 399 
13000 399 
14000 399 
15000 399 
16000 399 
17000 399 
18000 399 
19000 399 
20000 399 
21000 399 
22000 401 
23000 401 
24000 401 
25000 401 
26000 401 
27000 401 
28000 403 
29000 403 
30000 403 
31000 403 
32000 403 
33000 403 
34000 403 
35000 403 
36000 403 
37000 403 
38000 403 
39000 403 
40000 403 
41000 403 
42000 403 
43000 403 
44000 403 
45000 403 
46000 403 
47000 403 
48000 403 
49000 403 
50000 403 
51000 403 
52000 403 
53000 403 
54000 403 
55000 403 
56000 403 
57000 403 
58000 403 
59000 403 
60000 403 
61000 403 
62000 403 
63000 403 
64000 403 
65000 403 
66000 403 
67000 403 
68000 403 
69000 403 
70000 403 
71000 403 
72000 403 
73000 403 
74000 403 
75000 403 
76000 403 
77000 403 
78000 403 
79000 403 
80000 403 
81000 403 
82000 403 
83000 403 
84000 403 
85000 403 
86000 403 
87000 403 
88000 403 
89000 403 
90000 403 
91000 403 
92000 403 
93000 403 
94000 403 
95000 403 
96000 403 
97000 403 
98000 403 
99000 403 
100000 403 
101000 403 
102000 403 
103000 403 
104000 403 
105000 403 
106000 403 
107000 403 
108000 403 
109000 403 
110000 403 
111000 403 
112000 403 
113000 403 
114000 403 
115000 403 
116000 403 
117000 403 
118000 403 
119000 403 
120000 403 
121000 403 
122000 403 
123000 403 
124000 403 
125000 403 
126000 403 
127000 403 
128000 403 
129000 403 
130000 403 
131000 403 
132000 403 
133000 403 
134000 403 
135000 403 
136000 403 
137000 403 
138000 403 
139000 403 
140000 403 
141000 403 
142000 403 
143000 403 
144000 403 
145000 403 
146000 403 
147000 403 
148000 403 
149000 403 
150000 403 
151000 403 
152000 403 
153000 403 
154000 403 
155000 403 
156000 403 
157000 403 
158000 403 
159000 403 
160000 403 
161000 403 
162000 403 
163000 403 
164000 403 
165000 403 
166000 403 
167000 403 
168000 403 
169000 403 
170000 403 
171000 403 
172000 403 
173000 403 
174000 403 
175000 403 
176000 403 
177000 403 
178000 403 
179000 403 
180000 403 
181000 403 
182000 403 
183000 403 
184000 403 
185000 403 
186000 403 
187000 403 
188000 403 
189000 403 
190000 403 
191000 403 
192000 403 
193000 403 
194000 403 
195000 403 
196000 403 
197000 403 
198000 403 
199000 403 
200000 403 
201000 403 
202000 403 
203000 403 
204000 403 
205000 403 
206000 403 
207000 403 
208000 403 
209000 403 
210000 403 
211000 403 
212000 403 
213000 403 
214000 403 
215000 403 
216000 403 
217000 403 
218000 403 
219000 403 
220000 403 
221000 403 
222000 403 
223000 403 
224000 403 
225000 403 
226000 403 
227000 403 
228000 403 
229000 403 
230000 403 
231000 403 
232000 403 
233000 403 
234000 403 
235000 403 
236000 403 
237000 403 
238000 403 
239000 403 
240000 403 
241000 403 
242000 403 
243000 403 
244000 403 
245000 403 
246000 403 
247000 403 
248000 403 
249000 403 
