1000 397 
2000 397 
3000 398 
4000 398 
5000 398 
6000 398 
7000 398 
8000 398 
9000 399 
10000 399 
11000 399 
12000 399 
13000 399 
14000 400 
15000 400 
16000 400 
17000 400 
18000 400 
19000 400 
20000 400 
21000 400 
22000 400 
23000 400 
24000 400 
25000 400 
26000 400 
27000 400 
28000 400 
29000 400 
30000 400 
31000 400 
32000 400 
33000 400 
34000 400 
35000 400 
36000 400 
37000 400 
38000 400 
39000 400 
40000 400 
41000 400 
42000 400 
43000 400 
44000 400 
45000 400 
46000 400 
47000 400 
48000 400 
49000 400 
50000 400 
51000 400 
52000 400 
53000 400 
54000 400 
55000 400 
56000 400 
57000 400 
58000 400 
59000 400 
60000 400 
61000 400 
62000 400 
63000 400 
64000 400 
65000 400 
66000 400 
67000 400 
68000 400 
69000 400 
70000 400 
71000 400 
72000 400 
73000 400 
74000 400 
75000 400 
76000 400 
77000 400 
78000 400 
79000 400 
80000 400 
81000 400 
82000 400 
83000 400 
84000 401 
85000 401 
86000 401 
87000 401 
88000 401 
89000 401 
90000 401 
91000 401 
92000 401 
93000 401 
94000 401 
95000 401 
96000 401 
97000 401 
98000 401 
99000 401 
100000 401 
101000 401 
102000 401 
103000 401 
104000 401 
105000 401 
106000 401 
107000 401 
108000 401 
109000 401 
110000 401 
111000 401 
112000 401 
113000 401 
114000 405 
115000 405 
116000 405 
117000 405 
118000 405 
119000 405 
120000 405 
121000 405 
122000 405 
123000 405 
124000 405 
125000 405 
126000 405 
127000 405 
128000 405 
129000 405 
130000 405 
131000 405 
132000 405 
133000 405 
134000 405 
135000 405 
136000 405 
137000 405 
138000 405 
139000 405 
140000 405 
141000 405 
142000 405 
143000 405 
144000 405 
145000 405 
146000 405 
147000 405 
148000 405 
149000 405 
150000 405 
151000 405 
152000 405 
153000 405 
154000 405 
155000 405 
156000 405 
157000 405 
158000 405 
159000 405 
160000 405 
161000 405 
162000 405 
163000 405 
164000 405 
165000 405 
166000 405 
167000 405 
168000 405 
169000 405 
170000 405 
171000 405 
172000 405 
173000 405 
174000 405 
175000 405 
176000 405 
177000 405 
178000 405 
179000 405 
180000 405 
181000 405 
182000 405 
183000 405 
184000 405 
185000 405 
186000 405 
187000 405 
188000 405 
189000 405 
190000 405 
191000 405 
192000 405 
193000 405 
194000 405 
195000 405 
196000 405 
197000 405 
198000 405 
199000 405 
200000 405 
201000 405 
202000 405 
203000 405 
204000 405 
205000 405 
206000 405 
207000 405 
208000 405 
209000 405 
210000 405 
211000 405 
212000 405 
213000 405 
214000 405 
215000 405 
216000 405 
217000 405 
218000 405 
219000 405 
220000 405 
221000 405 
222000 405 
223000 405 
224000 405 
225000 405 
226000 405 
227000 405 
228000 405 
229000 405 
230000 405 
231000 405 
232000 405 
233000 405 
234000 405 
235000 405 
236000 405 
237000 405 
238000 405 
239000 405 
240000 405 
241000 405 
242000 405 
243000 405 
244000 405 
245000 405 
246000 405 
247000 405 
248000 405 
249000 405 
250000 405 
1000 402 
2000 402 
3000 402 
4000 402 
5000 402 
6000 402 
7000 402 
8000 402 
9000 402 
10000 402 
11000 402 
12000 402 
13000 402 
14000 402 
15000 402 
16000 402 
17000 402 
18000 402 
19000 402 
20000 402 
21000 402 
22000 402 
23000 402 
24000 402 
25000 402 
26000 402 
27000 402 
28000 402 
29000 402 
30000 402 
31000 402 
32000 402 
33000 402 
34000 402 
35000 402 
36000 402 
37000 402 
38000 402 
39000 402 
40000 402 
41000 402 
42000 402 
43000 402 
44000 402 
45000 402 
46000 402 
47000 402 
48000 402 
49000 402 
50000 402 
51000 402 
52000 402 
53000 402 
54000 402 
55000 402 
56000 402 
57000 402 
58000 402 
59000 402 
60000 402 
61000 402 
62000 402 
63000 402 
64000 402 
65000 402 
66000 402 
67000 402 
68000 402 
69000 402 
70000 402 
71000 402 
72000 402 
73000 402 
74000 402 
75000 402 
76000 402 
77000 402 
78000 402 
79000 402 
80000 402 
81000 402 
82000 402 
83000 402 
84000 402 
85000 402 
86000 402 
87000 402 
88000 402 
89000 402 
90000 402 
91000 402 
92000 403 
93000 403 
94000 403 
95000 403 
96000 403 
97000 403 
98000 403 
99000 403 
100000 403 
101000 403 
102000 403 
103000 403 
104000 403 
105000 403 
106000 403 
107000 403 
108000 403 
109000 403 
110000 403 
111000 403 
112000 403 
113000 403 
114000 403 
115000 403 
116000 403 
117000 403 
118000 403 
119000 403 
120000 403 
121000 403 
122000 403 
123000 403 
124000 403 
125000 403 
126000 403 
127000 403 
128000 403 
129000 403 
130000 403 
131000 403 
132000 403 
133000 403 
134000 403 
135000 403 
136000 403 
137000 403 
138000 403 
139000 403 
140000 403 
141000 403 
142000 403 
143000 403 
144000 403 
145000 403 
146000 403 
147000 403 
148000 403 
149000 403 
150000 403 
151000 403 
152000 403 
153000 403 
154000 403 
155000 403 
156000 403 
157000 403 
158000 403 
159000 403 
160000 403 
161000 403 
162000 403 
163000 403 
164000 403 
165000 403 
166000 403 
167000 403 
168000 403 
169000 403 
170000 403 
171000 403 
172000 403 
173000 403 
174000 403 
175000 403 
176000 403 
177000 403 
178000 403 
179000 403 
180000 403 
181000 403 
182000 403 
183000 403 
184000 403 
185000 403 
186000 403 
187000 403 
188000 403 
189000 403 
190000 403 
191000 403 
192000 403 
193000 403 
194000 403 
195000 403 
196000 403 
197000 403 
198000 403 
199000 403 
200000 403 
201000 403 
202000 403 
203000 403 
204000 403 
205000 403 
206000 403 
207000 403 
208000 403 
209000 403 
210000 403 
211000 403 
212000 403 
213000 403 
214000 403 
215000 403 
216000 403 
217000 403 
218000 403 
219000 403 
220000 403 
221000 403 
222000 403 
223000 403 
224000 403 
225000 403 
226000 403 
227000 403 
228000 403 
229000 403 
230000 404 
231000 404 
232000 404 
233000 404 
234000 404 
235000 404 
236000 404 
237000 404 
238000 404 
239000 404 
240000 404 
241000 404 
242000 404 
243000 404 
244000 404 
245000 404 
246000 404 
247000 404 
248000 404 
249000 404 
