1000 972 
2000 980 
3000 980 
4000 980 
5000 980 
6000 982 
7000 982 
8000 982 
9000 982 
10000 982 
1000 967 
2000 967 
3000 967 
4000 968 
5000 968 
6000 972 
7000 972 
8000 972 
9000 972 
10000 972 
11000 972 
12000 972 
13000 972 
14000 979 
15000 979 
16000 979 
17000 979 
18000 979 
19000 979 
20000 979 
21000 979 
22000 979 
23000 979 
24000 979 
25000 979 
26000 979 
27000 979 
28000 979 
29000 979 
30000 979 
31000 979 
32000 979 
33000 979 
34000 979 
35000 979 
36000 979 
37000 979 
38000 979 
39000 979 
40000 979 
41000 979 
42000 979 
43000 979 
44000 979 
45000 979 
46000 979 
47000 979 
48000 979 
49000 979 
50000 979 
51000 979 
52000 979 
53000 979 
54000 979 
55000 979 
56000 979 
57000 979 
58000 979 
59000 979 
60000 979 
61000 979 
62000 979 
63000 979 
64000 979 
65000 979 
66000 979 
67000 979 
68000 979 
69000 979 
70000 979 
71000 979 
72000 979 
73000 979 
74000 979 
75000 979 
76000 979 
77000 979 
78000 979 
79000 979 
80000 979 
81000 979 
82000 979 
83000 979 
84000 979 
85000 979 
86000 979 
87000 979 
88000 979 
89000 979 
90000 979 
91000 979 
92000 979 
93000 979 
94000 979 
95000 979 
96000 979 
97000 979 
98000 979 
99000 979 
100000 979 
101000 979 
102000 979 
103000 979 
104000 979 
105000 979 
106000 979 
107000 979 
108000 979 
109000 979 
110000 979 
111000 979 
112000 979 
113000 979 
114000 979 
115000 979 
116000 979 
117000 979 
118000 979 
119000 979 
120000 979 
121000 979 
122000 979 
123000 979 
124000 979 
125000 979 
126000 979 
127000 979 
128000 979 
129000 979 
130000 979 
131000 979 
132000 979 
133000 979 
134000 979 
135000 979 
136000 979 
137000 979 
138000 979 
139000 979 
140000 979 
141000 979 
142000 979 
143000 979 
144000 979 
145000 979 
146000 979 
147000 979 
148000 979 
149000 979 
150000 979 
151000 979 
152000 979 
153000 979 
154000 979 
155000 979 
156000 979 
157000 979 
158000 979 
159000 979 
160000 979 
161000 979 
162000 979 
163000 979 
164000 979 
165000 979 
166000 979 
167000 979 
168000 979 
169000 979 
170000 979 
171000 979 
172000 979 
173000 979 
174000 979 
175000 979 
176000 979 
177000 979 
178000 979 
179000 979 
180000 979 
181000 979 
182000 979 
183000 979 
184000 979 
185000 979 
186000 979 
187000 979 
188000 979 
189000 980 
190000 980 
191000 980 
192000 980 
193000 983 
194000 983 
195000 983 
196000 983 
197000 983 
198000 983 
199000 983 
200000 983 
201000 983 
202000 983 
203000 983 
204000 983 
205000 983 
206000 983 
207000 983 
208000 983 
209000 983 
210000 983 
211000 983 
212000 983 
213000 983 
214000 983 
215000 983 
216000 983 
217000 983 
218000 983 
219000 983 
220000 983 
221000 983 
222000 983 
223000 983 
224000 983 
225000 983 
226000 983 
227000 983 
228000 983 
229000 983 
230000 983 
231000 983 
232000 983 
233000 983 
234000 983 
235000 983 
236000 983 
237000 983 
238000 983 
239000 983 
240000 983 
241000 983 
242000 983 
243000 983 
244000 983 
245000 983 
246000 983 
247000 983 
248000 983 
249000 983 
