1000 975 
2000 978 
3000 981 
4000 981 
5000 981 
6000 981 
7000 981 
8000 981 
9000 981 
10000 981 
1000 963 
2000 972 
3000 972 
4000 972 
5000 972 
6000 972 
7000 972 
8000 972 
9000 972 
10000 972 
11000 981 
12000 981 
13000 981 
14000 981 
15000 981 
16000 981 
17000 981 
18000 981 
19000 981 
20000 981 
21000 981 
22000 981 
23000 981 
24000 981 
25000 981 
26000 981 
27000 981 
28000 981 
29000 981 
30000 981 
31000 981 
32000 981 
33000 981 
34000 981 
35000 981 
36000 981 
37000 981 
38000 981 
39000 981 
40000 981 
41000 981 
42000 981 
43000 981 
44000 981 
45000 981 
46000 981 
47000 981 
48000 981 
49000 981 
50000 981 
51000 981 
52000 981 
53000 981 
54000 981 
55000 981 
56000 981 
57000 981 
58000 981 
59000 981 
60000 981 
61000 981 
62000 981 
63000 981 
64000 981 
65000 981 
66000 981 
67000 981 
68000 981 
69000 981 
70000 981 
71000 981 
72000 981 
73000 981 
74000 981 
75000 981 
76000 981 
77000 981 
78000 981 
79000 981 
80000 981 
81000 981 
82000 981 
83000 981 
84000 981 
85000 981 
86000 981 
87000 981 
88000 981 
89000 981 
90000 981 
91000 981 
92000 981 
93000 981 
94000 981 
95000 981 
96000 981 
97000 981 
98000 981 
99000 981 
100000 981 
101000 981 
102000 981 
103000 981 
104000 981 
105000 981 
106000 981 
107000 981 
108000 981 
109000 981 
110000 981 
111000 981 
112000 981 
113000 981 
114000 981 
115000 981 
116000 981 
117000 981 
118000 981 
119000 981 
120000 981 
121000 981 
122000 981 
123000 981 
124000 981 
125000 981 
126000 981 
127000 981 
128000 981 
129000 981 
130000 981 
131000 981 
132000 981 
133000 981 
134000 981 
135000 981 
136000 981 
137000 981 
138000 981 
139000 981 
140000 981 
141000 981 
142000 981 
143000 981 
144000 981 
145000 981 
146000 981 
147000 981 
148000 981 
149000 981 
150000 981 
151000 981 
152000 981 
153000 981 
154000 981 
155000 981 
156000 981 
157000 981 
158000 981 
159000 981 
160000 981 
161000 981 
162000 981 
163000 981 
164000 981 
165000 981 
166000 981 
167000 981 
168000 981 
169000 981 
170000 981 
171000 981 
172000 981 
173000 981 
174000 981 
175000 981 
176000 981 
177000 981 
178000 981 
179000 981 
180000 981 
181000 981 
182000 981 
183000 981 
184000 981 
185000 981 
186000 981 
187000 981 
188000 981 
189000 981 
190000 981 
191000 981 
192000 981 
193000 981 
194000 981 
195000 981 
196000 981 
197000 981 
198000 981 
199000 981 
200000 981 
201000 981 
202000 981 
203000 981 
204000 981 
205000 981 
206000 981 
207000 981 
208000 981 
209000 981 
210000 981 
211000 981 
212000 981 
213000 981 
214000 981 
215000 981 
216000 981 
217000 981 
218000 981 
219000 981 
220000 981 
221000 981 
222000 981 
223000 981 
224000 981 
225000 981 
226000 981 
227000 981 
228000 981 
229000 981 
230000 981 
231000 981 
232000 981 
233000 981 
234000 981 
235000 981 
236000 981 
237000 981 
238000 981 
239000 981 
240000 981 
241000 981 
242000 981 
243000 981 
244000 981 
245000 981 
246000 981 
247000 981 
248000 981 
249000 981 
