1000 976 
2000 976 
3000 979 
4000 979 
5000 979 
6000 979 
7000 979 
8000 979 
9000 979 
10000 979 
1000 964 
2000 964 
3000 974 
4000 974 
5000 974 
6000 974 
7000 974 
8000 974 
9000 974 
10000 974 
11000 974 
12000 974 
13000 974 
14000 974 
15000 974 
16000 974 
17000 974 
18000 974 
19000 974 
20000 974 
21000 974 
22000 974 
23000 974 
24000 974 
25000 974 
26000 974 
27000 974 
28000 974 
29000 974 
30000 974 
31000 974 
32000 974 
33000 974 
34000 974 
35000 974 
36000 974 
37000 974 
38000 974 
39000 974 
40000 974 
41000 974 
42000 974 
43000 974 
44000 974 
45000 974 
46000 974 
47000 974 
48000 974 
49000 974 
50000 974 
51000 974 
52000 974 
53000 974 
54000 974 
55000 974 
56000 974 
57000 974 
58000 974 
59000 974 
60000 974 
61000 974 
62000 974 
63000 974 
64000 974 
65000 974 
66000 974 
67000 974 
68000 974 
69000 974 
70000 976 
71000 976 
72000 976 
73000 976 
74000 976 
75000 976 
76000 976 
77000 976 
78000 976 
79000 976 
80000 976 
81000 976 
82000 976 
83000 976 
84000 976 
85000 976 
86000 976 
87000 976 
88000 976 
89000 976 
90000 976 
91000 976 
92000 976 
93000 976 
94000 976 
95000 976 
96000 976 
97000 976 
98000 976 
99000 976 
100000 976 
101000 976 
102000 976 
103000 976 
104000 976 
105000 976 
106000 976 
107000 976 
108000 976 
109000 976 
110000 976 
111000 976 
112000 976 
113000 976 
114000 976 
115000 976 
116000 976 
117000 976 
118000 976 
119000 976 
120000 976 
121000 976 
122000 976 
123000 976 
124000 976 
125000 976 
126000 976 
127000 976 
128000 976 
129000 976 
130000 976 
131000 976 
132000 976 
133000 976 
134000 976 
135000 976 
136000 976 
137000 976 
138000 976 
139000 976 
140000 976 
141000 976 
142000 976 
143000 976 
144000 976 
145000 976 
146000 976 
147000 976 
148000 976 
149000 976 
150000 976 
151000 976 
152000 976 
153000 976 
154000 976 
155000 976 
156000 976 
157000 976 
158000 976 
159000 976 
160000 976 
161000 976 
162000 976 
163000 976 
164000 976 
165000 976 
166000 976 
167000 976 
168000 976 
169000 976 
170000 976 
171000 976 
172000 976 
173000 976 
174000 976 
175000 976 
176000 976 
177000 976 
178000 976 
179000 976 
180000 976 
181000 976 
182000 976 
183000 976 
184000 976 
185000 976 
186000 976 
187000 976 
188000 976 
189000 976 
190000 976 
191000 976 
192000 976 
193000 976 
194000 978 
195000 978 
196000 978 
197000 978 
198000 978 
199000 978 
200000 978 
201000 978 
202000 978 
203000 978 
204000 978 
205000 978 
206000 978 
207000 978 
208000 978 
209000 978 
210000 978 
211000 978 
212000 978 
213000 978 
214000 978 
215000 978 
216000 978 
217000 978 
218000 978 
219000 978 
220000 978 
221000 978 
222000 978 
223000 978 
224000 978 
225000 978 
226000 978 
227000 978 
228000 978 
229000 978 
230000 978 
231000 978 
232000 978 
233000 978 
234000 978 
235000 978 
236000 978 
237000 978 
238000 978 
239000 978 
240000 978 
241000 978 
242000 978 
243000 978 
244000 978 
245000 978 
246000 978 
247000 978 
248000 978 
249000 978 
