1000 971 
2000 974 
3000 974 
4000 977 
5000 977 
6000 977 
7000 977 
8000 977 
9000 977 
10000 977 
1000 965 
2000 966 
3000 966 
4000 970 
5000 974 
6000 974 
7000 974 
8000 974 
9000 974 
10000 974 
11000 974 
12000 974 
13000 974 
14000 974 
15000 974 
16000 974 
17000 974 
18000 974 
19000 977 
20000 977 
21000 977 
22000 977 
23000 977 
24000 977 
25000 977 
26000 977 
27000 977 
28000 977 
29000 977 
30000 977 
31000 977 
32000 977 
33000 977 
34000 977 
35000 977 
36000 977 
37000 977 
38000 977 
39000 977 
40000 977 
41000 977 
42000 977 
43000 977 
44000 977 
45000 977 
46000 977 
47000 977 
48000 977 
49000 977 
50000 977 
51000 977 
52000 977 
53000 977 
54000 977 
55000 977 
56000 977 
57000 977 
58000 977 
59000 977 
60000 977 
61000 977 
62000 977 
63000 977 
64000 977 
65000 977 
66000 977 
67000 977 
68000 977 
69000 977 
70000 977 
71000 977 
72000 977 
73000 977 
74000 977 
75000 977 
76000 977 
77000 977 
78000 977 
79000 977 
80000 977 
81000 977 
82000 977 
83000 977 
84000 977 
85000 977 
86000 977 
87000 977 
88000 977 
89000 977 
90000 977 
91000 977 
92000 977 
93000 977 
94000 977 
95000 977 
96000 977 
97000 977 
98000 977 
99000 977 
100000 977 
101000 977 
102000 977 
103000 977 
104000 977 
105000 977 
106000 977 
107000 977 
108000 977 
109000 977 
110000 977 
111000 977 
112000 977 
113000 977 
114000 977 
115000 977 
116000 977 
117000 977 
118000 977 
119000 977 
120000 977 
121000 977 
122000 977 
123000 977 
124000 977 
125000 977 
126000 977 
127000 977 
128000 977 
129000 977 
130000 980 
131000 980 
132000 980 
133000 980 
134000 980 
135000 980 
136000 980 
137000 980 
138000 980 
139000 980 
140000 980 
141000 980 
142000 980 
143000 980 
144000 980 
145000 980 
146000 980 
147000 980 
148000 980 
149000 980 
150000 980 
151000 980 
152000 980 
153000 980 
154000 980 
155000 980 
156000 980 
157000 980 
158000 980 
159000 980 
160000 980 
161000 980 
162000 980 
163000 980 
164000 980 
165000 980 
166000 980 
167000 980 
168000 980 
169000 980 
170000 980 
171000 980 
172000 980 
173000 980 
174000 980 
175000 980 
176000 980 
177000 980 
178000 980 
179000 980 
180000 980 
181000 980 
182000 980 
183000 980 
184000 980 
185000 980 
186000 980 
187000 980 
188000 980 
189000 980 
190000 980 
191000 980 
192000 980 
193000 980 
194000 980 
195000 980 
196000 980 
197000 980 
198000 980 
199000 980 
200000 980 
201000 980 
202000 980 
203000 980 
204000 980 
205000 980 
206000 980 
207000 980 
208000 980 
209000 980 
210000 980 
211000 980 
212000 980 
213000 980 
214000 980 
215000 980 
216000 980 
217000 980 
218000 980 
219000 980 
220000 980 
221000 980 
222000 980 
223000 980 
224000 980 
225000 980 
226000 980 
227000 980 
228000 980 
229000 980 
230000 980 
231000 980 
232000 980 
233000 980 
234000 980 
235000 980 
236000 980 
237000 980 
238000 980 
239000 980 
240000 980 
241000 980 
242000 980 
243000 980 
244000 980 
245000 980 
246000 980 
247000 980 
248000 980 
249000 980 
