1000 972 
2000 972 
3000 972 
4000 972 
5000 972 
6000 972 
7000 972 
8000 972 
9000 972 
10000 972 
11000 972 
12000 972 
13000 972 
14000 972 
15000 972 
16000 972 
17000 972 
18000 972 
19000 972 
20000 972 
21000 972 
22000 972 
23000 972 
24000 972 
25000 972 
26000 972 
27000 972 
28000 972 
29000 972 
30000 972 
31000 972 
32000 972 
33000 972 
34000 972 
35000 972 
36000 972 
37000 972 
38000 972 
39000 972 
40000 972 
41000 972 
42000 972 
43000 974 
44000 974 
45000 974 
46000 974 
47000 974 
48000 975 
49000 975 
50000 975 
51000 975 
52000 975 
53000 975 
54000 975 
55000 975 
56000 975 
57000 975 
58000 975 
59000 975 
60000 975 
61000 975 
62000 975 
63000 975 
64000 976 
65000 976 
66000 976 
67000 976 
68000 976 
69000 976 
70000 976 
71000 976 
72000 976 
73000 976 
74000 976 
75000 976 
76000 976 
77000 976 
78000 976 
79000 976 
80000 976 
81000 976 
82000 976 
83000 976 
84000 976 
85000 976 
86000 976 
87000 976 
88000 976 
89000 976 
90000 976 
91000 976 
92000 976 
93000 978 
94000 978 
95000 978 
96000 978 
97000 978 
98000 978 
99000 978 
100000 978 
101000 978 
102000 978 
103000 978 
104000 978 
105000 978 
106000 978 
107000 978 
108000 978 
109000 978 
110000 978 
111000 978 
112000 978 
113000 978 
114000 978 
115000 978 
116000 978 
117000 978 
118000 978 
119000 978 
120000 978 
121000 978 
122000 978 
123000 978 
124000 978 
125000 978 
126000 978 
127000 978 
128000 978 
129000 978 
130000 978 
131000 978 
132000 978 
133000 978 
134000 978 
135000 978 
136000 978 
137000 978 
138000 978 
139000 978 
140000 978 
141000 978 
142000 978 
143000 978 
144000 978 
145000 978 
146000 978 
147000 978 
148000 978 
149000 978 
150000 978 
151000 978 
152000 978 
153000 978 
154000 978 
155000 978 
156000 978 
157000 978 
158000 978 
159000 978 
160000 978 
161000 978 
162000 978 
163000 978 
164000 978 
165000 978 
166000 978 
167000 978 
168000 978 
169000 978 
170000 978 
171000 978 
172000 978 
173000 978 
174000 978 
175000 978 
176000 978 
177000 978 
178000 978 
179000 978 
180000 978 
181000 978 
182000 978 
183000 978 
184000 978 
185000 978 
186000 978 
187000 978 
188000 978 
189000 978 
190000 978 
191000 978 
192000 978 
193000 978 
194000 978 
195000 978 
196000 978 
197000 978 
198000 978 
199000 978 
200000 978 
201000 978 
202000 978 
203000 978 
204000 978 
205000 978 
206000 978 
207000 978 
208000 978 
209000 978 
210000 978 
211000 978 
212000 978 
213000 978 
214000 978 
215000 978 
216000 978 
217000 978 
218000 978 
219000 978 
220000 978 
221000 978 
222000 978 
223000 978 
224000 978 
225000 978 
226000 978 
227000 978 
228000 978 
229000 978 
230000 978 
231000 978 
232000 978 
233000 978 
234000 978 
235000 978 
236000 978 
237000 978 
238000 978 
239000 978 
240000 978 
241000 978 
242000 978 
243000 978 
244000 978 
245000 978 
246000 978 
247000 978 
248000 978 
249000 978 
250000 978 
1000 966 
2000 972 
3000 972 
4000 972 
5000 972 
6000 972 
7000 973 
8000 973 
9000 973 
10000 973 
11000 973 
12000 973 
13000 977 
14000 977 
15000 977 
16000 977 
17000 977 
18000 977 
19000 977 
20000 977 
21000 977 
22000 977 
23000 977 
24000 977 
25000 977 
26000 977 
27000 977 
28000 977 
29000 977 
30000 977 
31000 977 
32000 977 
33000 977 
34000 977 
35000 977 
36000 977 
37000 977 
38000 977 
39000 977 
40000 977 
41000 977 
42000 977 
43000 977 
44000 977 
45000 977 
46000 977 
47000 977 
48000 977 
49000 977 
50000 977 
51000 977 
52000 977 
53000 977 
54000 977 
55000 977 
56000 977 
57000 977 
58000 977 
59000 977 
60000 977 
61000 977 
62000 977 
63000 977 
64000 977 
65000 977 
66000 977 
67000 977 
68000 977 
69000 977 
70000 977 
71000 977 
72000 977 
73000 977 
74000 977 
75000 977 
76000 977 
77000 977 
78000 977 
79000 977 
80000 977 
81000 977 
82000 977 
83000 977 
84000 977 
85000 977 
86000 977 
87000 977 
88000 977 
89000 977 
90000 977 
91000 977 
92000 977 
93000 977 
94000 977 
95000 977 
96000 977 
97000 977 
98000 977 
99000 977 
100000 977 
101000 977 
102000 977 
103000 977 
104000 977 
105000 977 
106000 977 
107000 977 
108000 977 
109000 977 
110000 977 
111000 977 
112000 977 
113000 977 
114000 977 
115000 977 
116000 977 
117000 977 
118000 977 
119000 977 
120000 977 
121000 977 
122000 977 
123000 977 
124000 977 
125000 977 
126000 977 
127000 977 
128000 977 
129000 977 
130000 977 
131000 977 
132000 977 
133000 977 
134000 977 
135000 977 
136000 977 
137000 977 
138000 977 
139000 977 
140000 977 
141000 977 
142000 977 
143000 977 
144000 977 
145000 977 
146000 977 
147000 977 
148000 977 
149000 977 
150000 977 
151000 977 
152000 984 
153000 984 
154000 984 
155000 984 
156000 984 
157000 984 
158000 984 
159000 984 
160000 984 
161000 984 
162000 984 
163000 984 
164000 984 
165000 984 
166000 984 
167000 984 
168000 984 
169000 984 
170000 984 
171000 984 
172000 984 
173000 984 
174000 984 
175000 984 
176000 984 
177000 984 
178000 984 
179000 984 
180000 984 
181000 984 
182000 984 
183000 984 
184000 984 
185000 984 
186000 984 
187000 984 
188000 984 
189000 984 
190000 984 
191000 984 
192000 984 
193000 984 
194000 984 
195000 984 
196000 984 
197000 984 
198000 984 
199000 984 
200000 984 
201000 984 
202000 984 
203000 984 
204000 984 
205000 984 
206000 984 
207000 984 
208000 984 
209000 984 
210000 984 
211000 984 
212000 984 
213000 984 
214000 984 
215000 984 
216000 984 
217000 984 
218000 984 
219000 984 
220000 984 
221000 984 
222000 984 
223000 984 
224000 984 
225000 984 
226000 984 
227000 984 
228000 984 
229000 984 
230000 984 
231000 984 
232000 984 
233000 984 
234000 984 
235000 984 
236000 984 
237000 984 
238000 984 
239000 984 
240000 984 
241000 984 
242000 984 
243000 984 
244000 984 
245000 984 
246000 984 
247000 984 
248000 984 
249000 984 
