1000 980 
2000 980 
3000 980 
4000 980 
5000 980 
6000 980 
7000 980 
8000 980 
9000 980 
10000 980 
1000 970 
2000 970 
3000 970 
4000 970 
5000 970 
6000 970 
7000 970 
8000 972 
9000 976 
10000 976 
11000 976 
12000 976 
13000 976 
14000 976 
15000 976 
16000 976 
17000 976 
18000 976 
19000 976 
20000 976 
21000 976 
22000 976 
23000 976 
24000 976 
25000 976 
26000 976 
27000 976 
28000 976 
29000 976 
30000 976 
31000 976 
32000 976 
33000 976 
34000 976 
35000 976 
36000 976 
37000 976 
38000 976 
39000 976 
40000 976 
41000 976 
42000 976 
43000 976 
44000 976 
45000 976 
46000 976 
47000 976 
48000 976 
49000 976 
50000 976 
51000 976 
52000 976 
53000 976 
54000 976 
55000 976 
56000 976 
57000 976 
58000 976 
59000 976 
60000 976 
61000 976 
62000 976 
63000 976 
64000 976 
65000 978 
66000 978 
67000 978 
68000 978 
69000 978 
70000 978 
71000 978 
72000 978 
73000 978 
74000 978 
75000 978 
76000 978 
77000 978 
78000 978 
79000 978 
80000 978 
81000 978 
82000 978 
83000 978 
84000 978 
85000 978 
86000 978 
87000 978 
88000 978 
89000 978 
90000 978 
91000 978 
92000 978 
93000 978 
94000 978 
95000 978 
96000 978 
97000 978 
98000 978 
99000 978 
100000 978 
101000 978 
102000 978 
103000 978 
104000 978 
105000 978 
106000 978 
107000 978 
108000 978 
109000 978 
110000 978 
111000 978 
112000 978 
113000 978 
114000 978 
115000 978 
116000 978 
117000 978 
118000 978 
119000 978 
120000 978 
121000 978 
122000 978 
123000 978 
124000 978 
125000 978 
126000 978 
127000 978 
128000 978 
129000 978 
130000 978 
131000 978 
132000 978 
133000 978 
134000 978 
135000 978 
136000 978 
137000 978 
138000 978 
139000 978 
140000 978 
141000 978 
142000 978 
143000 978 
144000 978 
145000 978 
146000 978 
147000 978 
148000 978 
149000 978 
150000 978 
151000 978 
152000 978 
153000 978 
154000 978 
155000 978 
156000 978 
157000 978 
158000 978 
159000 978 
160000 978 
161000 978 
162000 978 
163000 978 
164000 978 
165000 978 
166000 978 
167000 978 
168000 978 
169000 978 
170000 978 
171000 978 
172000 978 
173000 978 
174000 978 
175000 978 
176000 978 
177000 978 
178000 978 
179000 978 
180000 978 
181000 978 
182000 978 
183000 978 
184000 978 
185000 978 
186000 978 
187000 978 
188000 978 
189000 978 
190000 978 
191000 978 
192000 978 
193000 978 
194000 978 
195000 978 
196000 978 
197000 978 
198000 978 
199000 978 
200000 978 
201000 978 
202000 978 
203000 978 
204000 978 
205000 978 
206000 978 
207000 978 
208000 978 
209000 978 
210000 978 
211000 978 
212000 978 
213000 978 
214000 978 
215000 978 
216000 978 
217000 978 
218000 978 
219000 978 
220000 978 
221000 978 
222000 978 
223000 978 
224000 978 
225000 978 
226000 978 
227000 978 
228000 978 
229000 978 
230000 978 
231000 978 
232000 978 
233000 978 
234000 978 
235000 978 
236000 978 
237000 978 
238000 978 
239000 978 
240000 978 
241000 978 
242000 978 
243000 978 
244000 978 
245000 978 
246000 978 
247000 978 
248000 978 
249000 978 
