1000 972 
2000 975 
3000 975 
4000 975 
5000 975 
6000 979 
7000 979 
8000 979 
9000 979 
10000 979 
1000 973 
2000 975 
3000 975 
4000 975 
5000 975 
6000 975 
7000 975 
8000 975 
9000 975 
10000 975 
11000 975 
12000 975 
13000 975 
14000 975 
15000 975 
16000 975 
17000 975 
18000 975 
19000 975 
20000 975 
21000 975 
22000 975 
23000 975 
24000 975 
25000 975 
26000 975 
27000 975 
28000 975 
29000 975 
30000 975 
31000 975 
32000 975 
33000 975 
34000 975 
35000 975 
36000 975 
37000 975 
38000 975 
39000 975 
40000 975 
41000 975 
42000 975 
43000 975 
44000 975 
45000 975 
46000 975 
47000 975 
48000 975 
49000 975 
50000 975 
51000 975 
52000 975 
53000 975 
54000 975 
55000 975 
56000 975 
57000 975 
58000 975 
59000 979 
60000 979 
61000 979 
62000 979 
63000 979 
64000 979 
65000 979 
66000 979 
67000 979 
68000 979 
69000 979 
70000 979 
71000 979 
72000 979 
73000 979 
74000 979 
75000 979 
76000 979 
77000 979 
78000 979 
79000 979 
80000 979 
81000 979 
82000 979 
83000 979 
84000 979 
85000 979 
86000 979 
87000 979 
88000 979 
89000 979 
90000 979 
91000 979 
92000 979 
93000 979 
94000 979 
95000 979 
96000 979 
97000 979 
98000 979 
99000 979 
100000 979 
101000 979 
102000 979 
103000 979 
104000 979 
105000 979 
106000 979 
107000 979 
108000 979 
109000 979 
110000 979 
111000 979 
112000 979 
113000 979 
114000 979 
115000 979 
116000 979 
117000 979 
118000 979 
119000 979 
120000 979 
121000 979 
122000 979 
123000 979 
124000 979 
125000 979 
126000 979 
127000 979 
128000 979 
129000 979 
130000 979 
131000 979 
132000 979 
133000 979 
134000 979 
135000 979 
136000 979 
137000 979 
138000 979 
139000 979 
140000 979 
141000 979 
142000 979 
143000 979 
144000 979 
145000 979 
146000 979 
147000 979 
148000 979 
149000 979 
150000 979 
151000 979 
152000 979 
153000 979 
154000 979 
155000 979 
156000 979 
157000 979 
158000 979 
159000 979 
160000 979 
161000 979 
162000 979 
163000 979 
164000 979 
165000 979 
166000 979 
167000 979 
168000 979 
169000 979 
170000 979 
171000 979 
172000 979 
173000 979 
174000 979 
175000 979 
176000 979 
177000 979 
178000 979 
179000 979 
180000 979 
181000 979 
182000 979 
183000 979 
184000 979 
185000 979 
186000 979 
187000 979 
188000 979 
189000 979 
190000 979 
191000 979 
192000 979 
193000 979 
194000 979 
195000 979 
196000 979 
197000 980 
198000 980 
199000 980 
200000 980 
201000 980 
202000 980 
203000 980 
204000 980 
205000 980 
206000 980 
207000 980 
208000 980 
209000 980 
210000 980 
211000 980 
212000 980 
213000 980 
214000 980 
215000 980 
216000 980 
217000 980 
218000 980 
219000 980 
220000 980 
221000 980 
222000 980 
223000 980 
224000 980 
225000 980 
226000 980 
227000 980 
228000 980 
229000 980 
230000 980 
231000 980 
232000 980 
233000 980 
234000 980 
235000 980 
236000 980 
237000 980 
238000 980 
239000 980 
240000 980 
241000 980 
242000 980 
243000 980 
244000 980 
245000 980 
246000 980 
247000 980 
248000 980 
249000 980 
