1000 974 
2000 974 
3000 981 
4000 981 
5000 981 
6000 982 
7000 982 
8000 982 
9000 982 
10000 982 
1000 964 
2000 964 
3000 966 
4000 966 
5000 966 
6000 966 
7000 969 
8000 969 
9000 969 
10000 969 
11000 974 
12000 974 
13000 974 
14000 974 
15000 974 
16000 974 
17000 974 
18000 974 
19000 974 
20000 974 
21000 974 
22000 974 
23000 974 
24000 974 
25000 974 
26000 974 
27000 974 
28000 974 
29000 974 
30000 974 
31000 974 
32000 974 
33000 974 
34000 975 
35000 975 
36000 975 
37000 975 
38000 975 
39000 975 
40000 975 
41000 975 
42000 975 
43000 975 
44000 975 
45000 975 
46000 975 
47000 975 
48000 975 
49000 975 
50000 975 
51000 975 
52000 975 
53000 975 
54000 975 
55000 975 
56000 975 
57000 975 
58000 975 
59000 975 
60000 975 
61000 975 
62000 975 
63000 975 
64000 975 
65000 975 
66000 975 
67000 975 
68000 975 
69000 975 
70000 975 
71000 975 
72000 975 
73000 975 
74000 975 
75000 975 
76000 975 
77000 975 
78000 975 
79000 975 
80000 975 
81000 975 
82000 975 
83000 975 
84000 975 
85000 975 
86000 975 
87000 975 
88000 975 
89000 975 
90000 975 
91000 975 
92000 975 
93000 975 
94000 975 
95000 975 
96000 975 
97000 975 
98000 975 
99000 975 
100000 975 
101000 975 
102000 975 
103000 975 
104000 975 
105000 975 
106000 975 
107000 975 
108000 975 
109000 975 
110000 975 
111000 975 
112000 975 
113000 975 
114000 975 
115000 975 
116000 975 
117000 975 
118000 975 
119000 975 
120000 975 
121000 975 
122000 975 
123000 985 
124000 985 
125000 985 
126000 985 
127000 985 
128000 985 
129000 985 
130000 985 
131000 985 
132000 985 
133000 985 
134000 985 
135000 985 
136000 985 
137000 985 
138000 985 
139000 985 
140000 985 
141000 985 
142000 985 
143000 985 
144000 985 
145000 985 
146000 985 
147000 985 
148000 985 
149000 985 
150000 985 
151000 985 
152000 985 
153000 985 
154000 985 
155000 985 
156000 985 
157000 985 
158000 985 
159000 985 
160000 985 
161000 985 
162000 985 
163000 985 
164000 985 
165000 985 
166000 985 
167000 985 
168000 985 
169000 985 
170000 985 
171000 985 
172000 985 
173000 985 
174000 985 
175000 985 
176000 985 
177000 985 
178000 985 
179000 985 
180000 985 
181000 985 
182000 985 
183000 985 
184000 985 
185000 985 
186000 985 
187000 985 
188000 985 
189000 985 
190000 985 
191000 985 
192000 985 
193000 985 
194000 985 
195000 985 
196000 985 
197000 985 
198000 985 
199000 985 
200000 985 
201000 985 
202000 985 
203000 985 
204000 985 
205000 985 
206000 985 
207000 985 
208000 985 
209000 985 
210000 985 
211000 985 
212000 985 
213000 985 
214000 985 
215000 985 
216000 985 
217000 985 
218000 985 
219000 985 
220000 985 
221000 985 
222000 985 
223000 985 
224000 985 
225000 985 
226000 985 
227000 985 
228000 985 
229000 985 
230000 985 
231000 985 
232000 985 
233000 985 
234000 985 
235000 985 
236000 985 
237000 985 
238000 985 
239000 985 
240000 985 
241000 985 
242000 985 
243000 985 
244000 985 
245000 985 
246000 985 
247000 985 
248000 985 
249000 985 
