1000 973 
2000 975 
3000 975 
4000 975 
5000 975 
6000 975 
7000 976 
8000 976 
9000 979 
10000 979 
1000 964 
2000 967 
3000 967 
4000 967 
5000 967 
6000 969 
7000 969 
8000 973 
9000 973 
10000 973 
11000 973 
12000 973 
13000 973 
14000 979 
15000 979 
16000 979 
17000 979 
18000 979 
19000 979 
20000 979 
21000 979 
22000 979 
23000 979 
24000 979 
25000 979 
26000 979 
27000 979 
28000 979 
29000 979 
30000 979 
31000 979 
32000 979 
33000 979 
34000 979 
35000 979 
36000 979 
37000 979 
38000 979 
39000 979 
40000 979 
41000 979 
42000 979 
43000 979 
44000 979 
45000 979 
46000 979 
47000 979 
48000 979 
49000 979 
50000 979 
51000 979 
52000 979 
53000 979 
54000 979 
55000 979 
56000 979 
57000 979 
58000 979 
59000 979 
60000 979 
61000 979 
62000 979 
63000 979 
64000 979 
65000 979 
66000 979 
67000 979 
68000 979 
69000 979 
70000 979 
71000 979 
72000 979 
73000 979 
74000 979 
75000 979 
76000 979 
77000 979 
78000 979 
79000 979 
80000 979 
81000 979 
82000 979 
83000 979 
84000 979 
85000 979 
86000 979 
87000 979 
88000 979 
89000 979 
90000 979 
91000 979 
92000 979 
93000 979 
94000 979 
95000 979 
96000 979 
97000 979 
98000 979 
99000 979 
100000 979 
101000 979 
102000 979 
103000 979 
104000 979 
105000 979 
106000 979 
107000 979 
108000 979 
109000 979 
110000 979 
111000 979 
112000 979 
113000 979 
114000 979 
115000 979 
116000 979 
117000 979 
118000 979 
119000 979 
120000 979 
121000 979 
122000 979 
123000 979 
124000 979 
125000 979 
126000 979 
127000 979 
128000 979 
129000 979 
130000 979 
131000 979 
132000 979 
133000 979 
134000 979 
135000 979 
136000 979 
137000 979 
138000 979 
139000 979 
140000 979 
141000 979 
142000 979 
143000 979 
144000 979 
145000 979 
146000 979 
147000 979 
148000 979 
149000 979 
150000 979 
151000 979 
152000 979 
153000 979 
154000 979 
155000 980 
156000 980 
157000 980 
158000 980 
159000 980 
160000 980 
161000 980 
162000 980 
163000 980 
164000 980 
165000 980 
166000 980 
167000 980 
168000 980 
169000 980 
170000 980 
171000 980 
172000 980 
173000 980 
174000 980 
175000 980 
176000 980 
177000 980 
178000 980 
179000 980 
180000 980 
181000 980 
182000 980 
183000 980 
184000 980 
185000 980 
186000 980 
187000 980 
188000 980 
189000 980 
190000 980 
191000 980 
192000 980 
193000 980 
194000 980 
195000 980 
196000 980 
197000 980 
198000 980 
199000 980 
200000 980 
201000 980 
202000 980 
203000 980 
204000 980 
205000 980 
206000 980 
207000 980 
208000 980 
209000 980 
210000 980 
211000 980 
212000 980 
213000 980 
214000 980 
215000 980 
216000 980 
217000 980 
218000 980 
219000 980 
220000 980 
221000 980 
222000 980 
223000 980 
224000 980 
225000 980 
226000 980 
227000 980 
228000 980 
229000 980 
230000 980 
231000 980 
232000 980 
233000 980 
234000 980 
235000 980 
236000 980 
237000 980 
238000 980 
239000 980 
240000 980 
241000 980 
242000 980 
243000 980 
244000 980 
245000 980 
246000 980 
247000 980 
248000 980 
249000 980 
