1000 962 
2000 968 
3000 968 
4000 968 
5000 968 
6000 968 
7000 968 
8000 968 
9000 968 
10000 968 
11000 968 
12000 968 
13000 968 
14000 969 
15000 969 
16000 974 
17000 974 
18000 974 
19000 974 
20000 974 
21000 974 
22000 974 
23000 974 
24000 974 
25000 974 
26000 974 
27000 974 
28000 974 
29000 974 
30000 974 
31000 974 
32000 974 
33000 974 
34000 974 
35000 974 
36000 974 
37000 974 
38000 974 
39000 974 
40000 974 
41000 974 
42000 974 
43000 974 
44000 974 
45000 974 
46000 974 
47000 974 
48000 976 
49000 976 
50000 976 
51000 976 
52000 976 
53000 977 
54000 977 
55000 977 
56000 977 
57000 977 
58000 977 
59000 977 
60000 977 
61000 977 
62000 977 
63000 977 
64000 977 
65000 977 
66000 977 
67000 977 
68000 977 
69000 977 
70000 977 
71000 977 
72000 977 
73000 977 
74000 977 
75000 977 
76000 977 
77000 977 
78000 977 
79000 977 
80000 977 
81000 977 
82000 977 
83000 977 
84000 977 
85000 977 
86000 977 
87000 977 
88000 977 
89000 977 
90000 977 
91000 977 
92000 977 
93000 977 
94000 977 
95000 977 
96000 977 
97000 977 
98000 977 
99000 977 
100000 977 
101000 977 
102000 977 
103000 977 
104000 977 
105000 977 
106000 977 
107000 977 
108000 977 
109000 977 
110000 977 
111000 977 
112000 977 
113000 977 
114000 977 
115000 977 
116000 977 
117000 977 
118000 977 
119000 977 
120000 977 
121000 977 
122000 980 
123000 980 
124000 980 
125000 980 
126000 980 
127000 980 
128000 980 
129000 980 
130000 980 
131000 980 
132000 980 
133000 980 
134000 980 
135000 980 
136000 980 
137000 980 
138000 980 
139000 980 
140000 980 
141000 980 
142000 980 
143000 980 
144000 980 
145000 980 
146000 980 
147000 980 
148000 980 
149000 980 
150000 980 
151000 980 
152000 980 
153000 980 
154000 980 
155000 980 
156000 980 
157000 980 
158000 980 
159000 980 
160000 980 
161000 980 
162000 980 
163000 980 
164000 980 
165000 980 
166000 980 
167000 980 
168000 980 
169000 980 
170000 980 
171000 980 
172000 980 
173000 980 
174000 980 
175000 980 
176000 980 
177000 980 
178000 980 
179000 980 
180000 980 
181000 980 
182000 980 
183000 980 
184000 980 
185000 980 
186000 980 
187000 980 
188000 980 
189000 980 
190000 980 
191000 980 
192000 980 
193000 980 
194000 980 
195000 980 
196000 980 
197000 980 
198000 980 
199000 980 
200000 980 
201000 980 
202000 980 
203000 980 
204000 980 
205000 980 
206000 980 
207000 980 
208000 980 
209000 980 
210000 980 
211000 980 
212000 980 
213000 980 
214000 980 
215000 980 
216000 980 
217000 980 
218000 980 
219000 980 
220000 980 
221000 980 
222000 980 
223000 980 
224000 980 
225000 980 
226000 980 
227000 980 
228000 980 
229000 980 
230000 980 
231000 980 
232000 980 
233000 980 
234000 980 
235000 980 
236000 980 
237000 980 
238000 980 
239000 980 
240000 980 
241000 980 
242000 980 
243000 980 
244000 980 
245000 980 
246000 980 
247000 980 
248000 980 
249000 980 
250000 980 
1000 966 
2000 966 
3000 966 
4000 968 
5000 968 
6000 968 
7000 968 
8000 968 
9000 968 
10000 968 
11000 975 
12000 975 
13000 975 
14000 975 
15000 975 
16000 975 
17000 975 
18000 975 
19000 975 
20000 975 
21000 975 
22000 975 
23000 975 
24000 975 
25000 975 
26000 975 
27000 975 
28000 979 
29000 979 
30000 979 
31000 979 
32000 979 
33000 979 
34000 979 
35000 979 
36000 979 
37000 979 
38000 979 
39000 979 
40000 979 
41000 979 
42000 979 
43000 979 
44000 979 
45000 979 
46000 979 
47000 979 
48000 979 
49000 979 
50000 979 
51000 979 
52000 979 
53000 979 
54000 979 
55000 979 
56000 979 
57000 979 
58000 979 
59000 979 
60000 979 
61000 979 
62000 979 
63000 979 
64000 979 
65000 979 
66000 979 
67000 979 
68000 979 
69000 979 
70000 979 
71000 979 
72000 979 
73000 979 
74000 979 
75000 979 
76000 979 
77000 979 
78000 979 
79000 979 
80000 979 
81000 979 
82000 979 
83000 979 
84000 979 
85000 979 
86000 979 
87000 979 
88000 979 
89000 979 
90000 979 
91000 979 
92000 979 
93000 979 
94000 979 
95000 979 
96000 979 
97000 979 
98000 979 
99000 979 
100000 979 
101000 979 
102000 979 
103000 979 
104000 979 
105000 979 
106000 979 
107000 979 
108000 979 
109000 979 
110000 979 
111000 979 
112000 979 
113000 979 
114000 979 
115000 979 
116000 979 
117000 979 
118000 979 
119000 979 
120000 979 
121000 979 
122000 979 
123000 979 
124000 979 
125000 979 
126000 979 
127000 979 
128000 979 
129000 979 
130000 979 
131000 979 
132000 979 
133000 979 
134000 979 
135000 979 
136000 979 
137000 979 
138000 979 
139000 979 
140000 979 
141000 979 
142000 979 
143000 979 
144000 979 
145000 979 
146000 979 
147000 979 
148000 979 
149000 979 
150000 979 
151000 979 
152000 979 
153000 979 
154000 979 
155000 979 
156000 979 
157000 979 
158000 979 
159000 979 
160000 979 
161000 979 
162000 979 
163000 979 
164000 979 
165000 979 
166000 979 
167000 979 
168000 979 
169000 979 
170000 979 
171000 979 
172000 979 
173000 979 
174000 979 
175000 979 
176000 979 
177000 979 
178000 979 
179000 979 
180000 979 
181000 979 
182000 979 
183000 979 
184000 979 
185000 979 
186000 979 
187000 979 
188000 979 
189000 979 
190000 979 
191000 979 
192000 979 
193000 979 
194000 979 
195000 979 
196000 979 
197000 979 
198000 979 
199000 979 
200000 979 
201000 979 
202000 979 
203000 979 
204000 979 
205000 979 
206000 979 
207000 979 
208000 979 
209000 979 
210000 979 
211000 979 
212000 979 
213000 979 
214000 979 
215000 979 
216000 979 
217000 979 
218000 979 
219000 979 
220000 979 
221000 979 
222000 979 
223000 979 
224000 979 
225000 979 
226000 979 
227000 979 
228000 979 
229000 979 
230000 979 
231000 979 
232000 981 
233000 981 
234000 981 
235000 981 
236000 981 
237000 981 
238000 981 
239000 981 
240000 981 
241000 981 
242000 981 
243000 981 
244000 981 
245000 981 
246000 981 
247000 981 
248000 981 
249000 981 
