1000 403 
2000 403 
3000 403 
4000 403 
5000 403 
6000 403 
7000 403 
8000 403 
9000 403 
10000 403 
1000 396 
2000 398 
3000 398 
4000 398 
5000 399 
6000 399 
7000 399 
8000 399 
9000 399 
10000 399 
11000 399 
12000 399 
13000 399 
14000 399 
15000 399 
16000 399 
17000 399 
18000 399 
19000 399 
20000 399 
21000 399 
22000 399 
23000 399 
24000 399 
25000 399 
26000 399 
27000 400 
28000 400 
29000 400 
30000 400 
31000 400 
32000 401 
33000 401 
34000 401 
35000 401 
36000 401 
37000 401 
38000 401 
39000 401 
40000 401 
41000 402 
42000 402 
43000 402 
44000 402 
45000 402 
46000 402 
47000 402 
48000 402 
49000 402 
50000 402 
51000 402 
52000 402 
53000 402 
54000 402 
55000 402 
56000 402 
57000 402 
58000 402 
59000 402 
60000 402 
61000 402 
62000 402 
63000 402 
64000 402 
65000 402 
66000 402 
67000 402 
68000 402 
69000 402 
70000 402 
71000 402 
72000 402 
73000 402 
74000 402 
75000 402 
76000 402 
77000 402 
78000 402 
79000 402 
80000 402 
81000 402 
82000 402 
83000 402 
84000 402 
85000 402 
86000 402 
87000 402 
88000 402 
89000 402 
90000 402 
91000 402 
92000 402 
93000 402 
94000 402 
95000 402 
96000 402 
97000 402 
98000 402 
99000 402 
100000 402 
101000 402 
102000 402 
103000 402 
104000 402 
105000 402 
106000 402 
107000 402 
108000 403 
109000 403 
110000 403 
111000 403 
112000 403 
113000 403 
114000 403 
115000 403 
116000 403 
117000 403 
118000 403 
119000 403 
120000 403 
121000 403 
122000 403 
123000 403 
124000 403 
125000 403 
126000 403 
127000 403 
128000 403 
129000 403 
130000 403 
131000 403 
132000 403 
133000 403 
134000 403 
135000 403 
136000 403 
137000 403 
138000 403 
139000 403 
140000 403 
141000 403 
142000 403 
143000 403 
144000 403 
145000 403 
146000 403 
147000 403 
148000 403 
149000 403 
150000 403 
151000 403 
152000 403 
153000 403 
154000 403 
155000 403 
156000 403 
157000 403 
158000 403 
159000 403 
160000 403 
161000 403 
162000 403 
163000 403 
164000 403 
165000 403 
166000 403 
167000 403 
168000 403 
169000 403 
170000 403 
171000 403 
172000 403 
173000 403 
174000 403 
175000 403 
176000 403 
177000 403 
178000 403 
179000 403 
180000 403 
181000 403 
182000 403 
183000 403 
184000 403 
185000 403 
186000 403 
187000 403 
188000 403 
189000 403 
190000 403 
191000 403 
192000 403 
193000 403 
194000 403 
195000 403 
196000 403 
197000 403 
198000 403 
199000 403 
200000 403 
201000 403 
202000 403 
203000 403 
204000 403 
205000 403 
206000 403 
207000 403 
208000 403 
209000 403 
210000 403 
211000 403 
212000 403 
213000 403 
214000 403 
215000 403 
216000 403 
217000 403 
218000 403 
219000 403 
220000 403 
221000 403 
222000 403 
223000 403 
224000 403 
225000 403 
226000 403 
227000 403 
228000 403 
229000 403 
230000 403 
231000 403 
232000 403 
233000 403 
234000 403 
235000 403 
236000 403 
237000 403 
238000 403 
239000 403 
240000 403 
241000 403 
242000 403 
243000 403 
244000 403 
245000 403 
246000 403 
247000 403 
248000 403 
249000 403 
