1000 398 
2000 399 
3000 399 
4000 399 
5000 399 
6000 399 
7000 399 
8000 399 
9000 399 
10000 399 
11000 399 
12000 399 
13000 399 
14000 400 
15000 400 
16000 400 
17000 400 
18000 400 
19000 400 
20000 400 
21000 400 
22000 400 
23000 400 
24000 400 
25000 400 
26000 400 
27000 400 
28000 400 
29000 400 
30000 400 
31000 404 
32000 404 
33000 404 
34000 404 
35000 404 
36000 404 
37000 404 
38000 404 
39000 404 
40000 404 
41000 404 
42000 404 
43000 404 
44000 404 
45000 404 
46000 404 
47000 404 
48000 404 
49000 404 
50000 404 
51000 404 
52000 404 
53000 404 
54000 404 
55000 404 
56000 404 
57000 404 
58000 404 
59000 404 
60000 404 
61000 404 
62000 404 
63000 404 
64000 404 
65000 404 
66000 404 
67000 404 
68000 404 
69000 404 
70000 404 
71000 404 
72000 404 
73000 404 
74000 404 
75000 404 
76000 404 
77000 404 
78000 404 
79000 404 
80000 404 
81000 404 
82000 404 
83000 404 
84000 404 
85000 404 
86000 404 
87000 404 
88000 404 
89000 404 
90000 404 
91000 404 
92000 404 
93000 404 
94000 404 
95000 404 
96000 404 
97000 404 
98000 404 
99000 404 
100000 404 
101000 404 
102000 404 
103000 404 
104000 404 
105000 404 
106000 404 
107000 404 
108000 404 
109000 404 
110000 404 
111000 404 
112000 404 
113000 404 
114000 404 
115000 404 
116000 404 
117000 404 
118000 404 
119000 404 
120000 404 
121000 404 
122000 404 
123000 404 
124000 404 
125000 404 
126000 404 
127000 404 
128000 404 
129000 404 
130000 404 
131000 404 
132000 404 
133000 404 
134000 404 
135000 404 
136000 404 
137000 404 
138000 404 
139000 405 
140000 405 
141000 405 
142000 405 
143000 405 
144000 405 
145000 405 
146000 405 
147000 405 
148000 405 
149000 405 
150000 405 
151000 405 
152000 405 
153000 405 
154000 405 
155000 405 
156000 405 
157000 405 
158000 405 
159000 405 
160000 405 
161000 405 
162000 405 
163000 405 
164000 405 
165000 405 
166000 405 
167000 405 
168000 405 
169000 405 
170000 405 
171000 405 
172000 405 
173000 405 
174000 405 
175000 405 
176000 405 
177000 405 
178000 405 
179000 405 
180000 405 
181000 405 
182000 405 
183000 405 
184000 405 
185000 405 
186000 405 
187000 405 
188000 405 
189000 405 
190000 405 
191000 405 
192000 405 
193000 405 
194000 405 
195000 405 
196000 405 
197000 405 
198000 405 
199000 405 
200000 405 
201000 405 
202000 405 
203000 405 
204000 405 
205000 405 
206000 405 
207000 405 
208000 405 
209000 405 
210000 405 
211000 405 
212000 405 
213000 405 
214000 405 
215000 405 
216000 405 
217000 405 
218000 405 
219000 405 
220000 405 
221000 405 
222000 405 
223000 405 
224000 405 
225000 405 
226000 405 
227000 405 
228000 405 
229000 405 
230000 405 
231000 405 
232000 405 
233000 405 
234000 405 
235000 405 
236000 405 
237000 405 
238000 405 
239000 405 
240000 405 
241000 405 
242000 405 
243000 405 
244000 405 
245000 405 
246000 405 
247000 405 
248000 405 
249000 405 
250000 405 
1000 399 
2000 399 
3000 399 
4000 399 
5000 399 
6000 399 
7000 399 
8000 399 
9000 402 
10000 402 
11000 402 
12000 402 
13000 402 
14000 402 
15000 402 
16000 402 
17000 402 
18000 402 
19000 402 
20000 402 
21000 402 
22000 402 
23000 402 
24000 402 
25000 402 
26000 402 
27000 402 
28000 402 
29000 402 
30000 402 
31000 402 
32000 402 
33000 402 
34000 402 
35000 402 
36000 402 
37000 402 
38000 402 
39000 402 
40000 402 
41000 402 
42000 402 
43000 402 
44000 402 
45000 402 
46000 402 
47000 402 
48000 402 
49000 402 
50000 402 
51000 402 
52000 402 
53000 402 
54000 402 
55000 402 
56000 402 
57000 402 
58000 402 
59000 402 
60000 402 
61000 402 
62000 402 
63000 402 
64000 402 
65000 402 
66000 402 
67000 402 
68000 402 
69000 402 
70000 402 
71000 402 
72000 402 
73000 402 
74000 402 
75000 402 
76000 402 
77000 402 
78000 402 
79000 402 
80000 402 
81000 402 
82000 402 
83000 402 
84000 402 
85000 402 
86000 402 
87000 402 
88000 402 
89000 402 
90000 402 
91000 402 
92000 402 
93000 402 
94000 402 
95000 402 
96000 402 
97000 402 
98000 402 
99000 402 
100000 402 
101000 402 
102000 402 
103000 402 
104000 402 
105000 402 
106000 402 
107000 402 
108000 402 
109000 402 
110000 402 
111000 402 
112000 402 
113000 402 
114000 402 
115000 402 
116000 402 
117000 402 
118000 402 
119000 402 
120000 402 
121000 402 
122000 402 
123000 402 
124000 402 
125000 402 
126000 402 
127000 402 
128000 402 
129000 402 
130000 402 
131000 402 
132000 402 
133000 402 
134000 402 
135000 402 
136000 402 
137000 402 
138000 402 
139000 402 
140000 402 
141000 402 
142000 402 
143000 402 
144000 402 
145000 402 
146000 402 
147000 402 
148000 402 
149000 402 
150000 402 
151000 402 
152000 402 
153000 402 
154000 402 
155000 402 
156000 402 
157000 402 
158000 402 
159000 402 
160000 402 
161000 402 
162000 402 
163000 402 
164000 402 
165000 402 
166000 402 
167000 402 
168000 402 
169000 402 
170000 402 
171000 402 
172000 402 
173000 402 
174000 402 
175000 402 
176000 402 
177000 402 
178000 402 
179000 402 
180000 402 
181000 402 
182000 402 
183000 402 
184000 402 
185000 402 
186000 402 
187000 402 
188000 402 
189000 402 
190000 402 
191000 402 
192000 402 
193000 402 
194000 402 
195000 402 
196000 402 
197000 402 
198000 402 
199000 402 
200000 402 
201000 402 
202000 402 
203000 402 
204000 402 
205000 402 
206000 402 
207000 402 
208000 402 
209000 402 
210000 402 
211000 402 
212000 402 
213000 402 
214000 402 
215000 402 
216000 402 
217000 402 
218000 402 
219000 402 
220000 402 
221000 402 
222000 402 
223000 402 
224000 402 
225000 402 
226000 402 
227000 402 
228000 402 
229000 402 
230000 404 
231000 404 
232000 404 
233000 404 
234000 404 
235000 404 
236000 404 
237000 404 
238000 404 
239000 404 
240000 404 
241000 404 
242000 404 
243000 404 
244000 404 
245000 404 
246000 404 
247000 404 
248000 404 
249000 404 
