1000 394 
2000 399 
3000 399 
4000 399 
5000 399 
6000 399 
7000 399 
8000 399 
9000 401 
10000 401 
11000 401 
12000 401 
13000 401 
14000 401 
15000 401 
16000 407 
17000 407 
18000 407 
19000 407 
20000 407 
21000 407 
22000 407 
23000 407 
24000 407 
25000 407 
26000 407 
27000 407 
28000 407 
29000 407 
30000 407 
31000 407 
32000 407 
33000 407 
34000 407 
35000 407 
36000 407 
37000 407 
38000 407 
39000 407 
40000 407 
41000 407 
42000 407 
43000 407 
44000 407 
45000 407 
46000 407 
47000 407 
48000 407 
49000 407 
50000 407 
51000 407 
52000 407 
53000 407 
54000 407 
55000 407 
56000 407 
57000 407 
58000 407 
59000 407 
60000 407 
61000 407 
62000 407 
63000 407 
64000 407 
65000 407 
66000 407 
67000 407 
68000 407 
69000 407 
70000 407 
71000 407 
72000 407 
73000 407 
74000 407 
75000 407 
76000 407 
77000 407 
78000 407 
79000 407 
80000 407 
81000 407 
82000 407 
83000 407 
84000 407 
85000 407 
86000 407 
87000 407 
88000 407 
89000 407 
90000 407 
91000 407 
92000 407 
93000 407 
94000 407 
95000 407 
96000 407 
97000 407 
98000 407 
99000 407 
100000 407 
101000 407 
102000 407 
103000 407 
104000 407 
105000 407 
106000 407 
107000 407 
108000 407 
109000 407 
110000 407 
111000 407 
112000 407 
113000 407 
114000 407 
115000 407 
116000 407 
117000 407 
118000 407 
119000 407 
120000 407 
121000 407 
122000 407 
123000 407 
124000 407 
125000 407 
126000 407 
127000 407 
128000 407 
129000 407 
130000 407 
131000 407 
132000 407 
133000 407 
134000 407 
135000 407 
136000 407 
137000 407 
138000 407 
139000 407 
140000 407 
141000 407 
142000 407 
143000 407 
144000 407 
145000 407 
146000 407 
147000 407 
148000 407 
149000 407 
150000 407 
151000 407 
152000 407 
153000 407 
154000 407 
155000 407 
156000 407 
157000 407 
158000 407 
159000 407 
160000 407 
161000 407 
162000 407 
163000 407 
164000 407 
165000 407 
166000 407 
167000 407 
168000 407 
169000 407 
170000 407 
171000 407 
172000 407 
173000 407 
174000 407 
175000 407 
176000 407 
177000 407 
178000 407 
179000 407 
180000 407 
181000 407 
182000 407 
183000 407 
184000 407 
185000 407 
186000 407 
187000 407 
188000 407 
189000 407 
190000 407 
191000 407 
192000 407 
193000 407 
194000 407 
195000 407 
196000 407 
197000 407 
198000 407 
199000 407 
200000 407 
201000 407 
202000 407 
203000 407 
204000 407 
205000 407 
206000 407 
207000 407 
208000 407 
209000 407 
210000 407 
211000 407 
212000 407 
213000 407 
214000 407 
215000 407 
216000 407 
217000 407 
218000 407 
219000 407 
220000 407 
221000 407 
222000 407 
223000 407 
224000 407 
225000 407 
226000 407 
227000 407 
228000 407 
229000 407 
230000 407 
231000 407 
232000 407 
233000 407 
234000 407 
235000 407 
236000 407 
237000 407 
238000 407 
239000 407 
240000 407 
241000 407 
242000 407 
243000 407 
244000 407 
245000 407 
246000 407 
247000 407 
248000 407 
249000 407 
250000 407 
1000 395 
2000 396 
3000 396 
4000 396 
5000 401 
6000 401 
7000 401 
8000 401 
9000 401 
10000 401 
11000 401 
12000 401 
13000 401 
14000 401 
15000 401 
16000 401 
17000 401 
18000 401 
19000 401 
20000 401 
21000 401 
22000 401 
23000 401 
24000 401 
25000 401 
26000 401 
27000 401 
28000 401 
29000 401 
30000 401 
31000 401 
32000 401 
33000 401 
34000 402 
35000 402 
36000 402 
37000 402 
38000 402 
39000 402 
40000 402 
41000 402 
42000 402 
43000 402 
44000 402 
45000 402 
46000 402 
47000 402 
48000 402 
49000 402 
50000 402 
51000 402 
52000 402 
53000 402 
54000 402 
55000 403 
56000 403 
57000 403 
58000 403 
59000 403 
60000 403 
61000 403 
62000 403 
63000 403 
64000 403 
65000 403 
66000 403 
67000 403 
68000 403 
69000 403 
70000 403 
71000 403 
72000 403 
73000 403 
74000 403 
75000 403 
76000 403 
77000 403 
78000 403 
79000 403 
80000 403 
81000 403 
82000 403 
83000 403 
84000 403 
85000 403 
86000 403 
87000 403 
88000 403 
89000 403 
90000 403 
91000 403 
92000 403 
93000 403 
94000 403 
95000 403 
96000 403 
97000 403 
98000 403 
99000 403 
100000 403 
101000 403 
102000 403 
103000 403 
104000 403 
105000 403 
106000 403 
107000 403 
108000 403 
109000 403 
110000 403 
111000 403 
112000 403 
113000 403 
114000 403 
115000 403 
116000 403 
117000 403 
118000 403 
119000 403 
120000 403 
121000 403 
122000 403 
123000 403 
124000 403 
125000 403 
126000 403 
127000 403 
128000 403 
129000 403 
130000 403 
131000 403 
132000 403 
133000 403 
134000 403 
135000 403 
136000 403 
137000 403 
138000 403 
139000 403 
140000 403 
141000 403 
142000 403 
143000 403 
144000 403 
145000 403 
146000 403 
147000 403 
148000 403 
149000 403 
150000 403 
151000 403 
152000 403 
153000 403 
154000 403 
155000 403 
156000 403 
157000 403 
158000 403 
159000 403 
160000 403 
161000 403 
162000 403 
163000 403 
164000 403 
165000 403 
166000 403 
167000 403 
168000 403 
169000 403 
170000 403 
171000 403 
172000 403 
173000 403 
174000 403 
175000 403 
176000 403 
177000 403 
178000 403 
179000 403 
180000 403 
181000 403 
182000 403 
183000 403 
184000 403 
185000 403 
186000 403 
187000 403 
188000 403 
189000 403 
190000 403 
191000 403 
192000 403 
193000 403 
194000 403 
195000 403 
196000 403 
197000 403 
198000 403 
199000 403 
200000 403 
201000 403 
202000 403 
203000 403 
204000 403 
205000 403 
206000 403 
207000 403 
208000 403 
209000 403 
210000 403 
211000 403 
212000 403 
213000 403 
214000 403 
215000 403 
216000 403 
217000 403 
218000 403 
219000 403 
220000 403 
221000 403 
222000 403 
223000 408 
224000 408 
225000 408 
226000 408 
227000 408 
228000 408 
229000 408 
230000 408 
231000 408 
232000 408 
233000 408 
234000 408 
235000 408 
236000 408 
237000 408 
238000 408 
239000 408 
240000 408 
241000 408 
242000 408 
243000 408 
244000 408 
245000 408 
246000 408 
247000 408 
248000 408 
249000 408 
