1000 401 
2000 401 
3000 402 
4000 402 
5000 405 
6000 405 
7000 405 
8000 405 
9000 405 
10000 405 
1000 396 
2000 396 
3000 398 
4000 398 
5000 398 
6000 398 
7000 398 
8000 398 
9000 398 
10000 399 
11000 399 
12000 400 
13000 402 
14000 402 
15000 402 
16000 402 
17000 402 
18000 402 
19000 402 
20000 402 
21000 402 
22000 402 
23000 402 
24000 402 
25000 404 
26000 404 
27000 404 
28000 404 
29000 404 
30000 404 
31000 404 
32000 404 
33000 404 
34000 404 
35000 404 
36000 404 
37000 404 
38000 404 
39000 404 
40000 404 
41000 404 
42000 404 
43000 404 
44000 404 
45000 404 
46000 404 
47000 404 
48000 404 
49000 404 
50000 404 
51000 404 
52000 404 
53000 404 
54000 404 
55000 404 
56000 404 
57000 404 
58000 404 
59000 404 
60000 404 
61000 404 
62000 404 
63000 404 
64000 404 
65000 404 
66000 404 
67000 404 
68000 404 
69000 404 
70000 404 
71000 404 
72000 404 
73000 404 
74000 404 
75000 404 
76000 404 
77000 404 
78000 404 
79000 404 
80000 404 
81000 404 
82000 404 
83000 404 
84000 404 
85000 404 
86000 404 
87000 404 
88000 404 
89000 404 
90000 404 
91000 404 
92000 404 
93000 404 
94000 404 
95000 404 
96000 404 
97000 404 
98000 404 
99000 404 
100000 404 
101000 404 
102000 404 
103000 404 
104000 404 
105000 404 
106000 404 
107000 404 
108000 404 
109000 404 
110000 404 
111000 404 
112000 404 
113000 404 
114000 404 
115000 404 
116000 404 
117000 404 
118000 404 
119000 404 
120000 404 
121000 404 
122000 404 
123000 404 
124000 404 
125000 404 
126000 404 
127000 404 
128000 404 
129000 404 
130000 404 
131000 404 
132000 404 
133000 404 
134000 404 
135000 404 
136000 404 
137000 404 
138000 404 
139000 404 
140000 404 
141000 404 
142000 404 
143000 404 
144000 404 
145000 404 
146000 404 
147000 404 
148000 404 
149000 404 
150000 404 
151000 404 
152000 404 
153000 404 
154000 404 
155000 404 
156000 404 
157000 404 
158000 404 
159000 404 
160000 404 
161000 404 
162000 404 
163000 404 
164000 404 
165000 404 
166000 404 
167000 404 
168000 404 
169000 404 
170000 404 
171000 404 
172000 404 
173000 404 
174000 404 
175000 404 
176000 404 
177000 404 
178000 404 
179000 404 
180000 404 
181000 404 
182000 404 
183000 404 
184000 404 
185000 404 
186000 404 
187000 404 
188000 404 
189000 404 
190000 404 
191000 404 
192000 404 
193000 404 
194000 404 
195000 404 
196000 404 
197000 404 
198000 404 
199000 404 
200000 404 
201000 404 
202000 404 
203000 404 
204000 404 
205000 404 
206000 404 
207000 404 
208000 404 
209000 404 
210000 404 
211000 404 
212000 404 
213000 404 
214000 404 
215000 404 
216000 404 
217000 404 
218000 404 
219000 404 
220000 404 
221000 404 
222000 404 
223000 404 
224000 404 
225000 404 
226000 404 
227000 404 
228000 404 
229000 404 
230000 404 
231000 404 
232000 404 
233000 404 
234000 404 
235000 404 
236000 404 
237000 404 
238000 404 
239000 404 
240000 404 
241000 404 
242000 404 
243000 404 
244000 404 
245000 404 
246000 404 
247000 404 
248000 404 
249000 404 
