1000 90 
2000 90 
3000 90 
4000 91 
5000 91 
6000 91 
7000 91 
8000 91 
9000 91 
10000 91 
1000 90 
2000 90 
3000 90 
4000 90 
5000 90 
6000 90 
7000 90 
8000 90 
9000 90 
10000 90 
11000 90 
12000 90 
13000 90 
14000 90 
15000 90 
16000 90 
17000 90 
18000 90 
19000 90 
20000 90 
21000 90 
22000 90 
23000 90 
24000 90 
25000 90 
26000 90 
27000 90 
28000 90 
29000 90 
30000 90 
31000 90 
32000 90 
33000 90 
34000 90 
35000 90 
36000 90 
37000 90 
38000 90 
39000 90 
40000 90 
41000 90 
42000 90 
43000 90 
44000 90 
45000 90 
46000 90 
47000 90 
48000 90 
49000 90 
50000 90 
51000 90 
52000 90 
53000 90 
54000 90 
55000 90 
56000 90 
57000 90 
58000 90 
59000 90 
60000 90 
61000 90 
62000 90 
63000 90 
64000 90 
65000 90 
66000 90 
67000 90 
68000 90 
69000 90 
70000 90 
71000 90 
72000 90 
73000 90 
74000 90 
75000 90 
76000 90 
77000 90 
78000 90 
79000 90 
80000 90 
81000 90 
82000 90 
83000 90 
84000 90 
85000 90 
86000 90 
87000 90 
88000 90 
89000 90 
90000 90 
91000 90 
92000 90 
93000 90 
94000 90 
95000 90 
96000 90 
97000 90 
98000 90 
99000 90 
100000 90 
101000 90 
102000 90 
103000 90 
104000 90 
105000 90 
106000 90 
107000 90 
108000 90 
109000 90 
110000 90 
111000 90 
112000 90 
113000 90 
114000 90 
115000 90 
116000 90 
117000 90 
118000 90 
119000 90 
120000 90 
121000 90 
122000 90 
123000 90 
124000 90 
125000 90 
126000 90 
127000 90 
128000 90 
129000 90 
130000 90 
131000 90 
132000 90 
133000 90 
134000 90 
135000 90 
136000 90 
137000 90 
138000 90 
139000 90 
140000 90 
141000 90 
142000 90 
143000 90 
144000 90 
145000 90 
146000 90 
147000 90 
148000 90 
149000 90 
150000 90 
151000 90 
152000 90 
153000 90 
154000 90 
155000 91 
156000 91 
157000 91 
158000 91 
159000 91 
160000 91 
161000 91 
162000 91 
163000 91 
164000 91 
165000 91 
166000 91 
167000 91 
168000 91 
169000 91 
170000 91 
171000 91 
172000 91 
173000 91 
174000 91 
175000 91 
176000 91 
177000 91 
178000 91 
179000 91 
180000 91 
181000 91 
182000 91 
183000 91 
184000 91 
185000 91 
186000 91 
187000 91 
188000 91 
189000 91 
190000 91 
191000 91 
192000 91 
193000 91 
194000 91 
195000 91 
196000 91 
197000 91 
198000 91 
199000 91 
200000 91 
201000 91 
202000 91 
203000 91 
204000 91 
205000 91 
206000 91 
207000 91 
208000 91 
209000 91 
210000 91 
211000 91 
212000 91 
213000 91 
214000 91 
215000 91 
216000 91 
217000 91 
218000 91 
219000 91 
220000 91 
221000 91 
222000 91 
223000 91 
224000 91 
225000 91 
226000 91 
227000 91 
228000 91 
229000 91 
230000 91 
231000 91 
232000 91 
233000 91 
234000 91 
235000 91 
236000 91 
237000 91 
238000 91 
239000 91 
240000 91 
241000 91 
242000 91 
243000 91 
244000 91 
245000 91 
246000 91 
247000 91 
248000 91 
249000 91 
