1000 89 
2000 90 
3000 91 
4000 91 
5000 91 
6000 91 
7000 91 
8000 91 
9000 91 
10000 91 
1000 88 
2000 89 
3000 89 
4000 89 
5000 89 
6000 89 
7000 90 
8000 90 
9000 90 
10000 90 
11000 90 
12000 90 
13000 90 
14000 90 
15000 90 
16000 90 
17000 90 
18000 90 
19000 90 
20000 90 
21000 90 
22000 90 
23000 90 
24000 90 
25000 90 
26000 90 
27000 90 
28000 90 
29000 90 
30000 90 
31000 90 
32000 90 
33000 90 
34000 90 
35000 90 
36000 90 
37000 90 
38000 90 
39000 90 
40000 90 
41000 90 
42000 90 
43000 90 
44000 90 
45000 90 
46000 90 
47000 90 
48000 90 
49000 90 
50000 90 
51000 90 
52000 90 
53000 90 
54000 90 
55000 90 
56000 90 
57000 90 
58000 90 
59000 90 
60000 90 
61000 90 
62000 90 
63000 90 
64000 90 
65000 90 
66000 90 
67000 90 
68000 90 
69000 90 
70000 90 
71000 90 
72000 90 
73000 90 
74000 90 
75000 90 
76000 90 
77000 90 
78000 90 
79000 90 
80000 90 
81000 90 
82000 90 
83000 90 
84000 90 
85000 90 
86000 90 
87000 90 
88000 90 
89000 90 
90000 90 
91000 90 
92000 90 
93000 90 
94000 90 
95000 90 
96000 90 
97000 90 
98000 90 
99000 90 
100000 90 
101000 90 
102000 90 
103000 90 
104000 90 
105000 90 
106000 90 
107000 90 
108000 90 
109000 90 
110000 90 
111000 90 
112000 90 
113000 90 
114000 90 
115000 90 
116000 90 
117000 90 
118000 90 
119000 90 
120000 90 
121000 90 
122000 90 
123000 90 
124000 90 
125000 90 
126000 90 
127000 90 
128000 90 
129000 90 
130000 90 
131000 90 
132000 90 
133000 90 
134000 90 
135000 90 
136000 90 
137000 90 
138000 90 
139000 90 
140000 90 
141000 90 
142000 90 
143000 90 
144000 90 
145000 90 
146000 90 
147000 90 
148000 90 
149000 90 
150000 90 
151000 90 
152000 90 
153000 90 
154000 90 
155000 90 
156000 90 
157000 90 
158000 90 
159000 90 
160000 90 
161000 90 
162000 90 
163000 90 
164000 90 
165000 90 
166000 90 
167000 90 
168000 90 
169000 90 
170000 90 
171000 90 
172000 90 
173000 90 
174000 90 
175000 90 
176000 90 
177000 90 
178000 90 
179000 90 
180000 90 
181000 90 
182000 90 
183000 90 
184000 90 
185000 90 
186000 90 
187000 90 
188000 90 
189000 90 
190000 90 
191000 90 
192000 90 
193000 90 
194000 90 
195000 90 
196000 90 
197000 90 
198000 90 
199000 90 
200000 90 
201000 90 
202000 90 
203000 90 
204000 90 
205000 90 
206000 90 
207000 90 
208000 90 
209000 90 
210000 90 
211000 90 
212000 90 
213000 90 
214000 90 
215000 90 
216000 90 
217000 90 
218000 90 
219000 90 
220000 90 
221000 90 
222000 90 
223000 90 
224000 90 
225000 90 
226000 90 
227000 90 
228000 90 
229000 90 
230000 90 
231000 90 
232000 90 
233000 90 
234000 90 
235000 90 
236000 90 
237000 90 
238000 90 
239000 90 
240000 90 
241000 90 
242000 90 
243000 90 
244000 90 
245000 90 
246000 90 
247000 90 
248000 90 
249000 90 
