1000 964 
2000 965 
3000 965 
4000 965 
5000 965 
6000 965 
7000 966 
8000 966 
9000 967 
10000 967 
11000 968 
12000 969 
13000 969 
14000 969 
15000 969 
16000 969 
17000 969 
18000 969 
19000 969 
20000 969 
21000 969 
22000 969 
23000 973 
24000 973 
25000 973 
26000 973 
27000 973 
28000 973 
29000 973 
30000 973 
31000 973 
32000 973 
33000 973 
34000 973 
35000 973 
36000 973 
37000 973 
38000 973 
39000 973 
40000 973 
41000 973 
42000 973 
43000 973 
44000 977 
45000 977 
46000 977 
47000 977 
48000 977 
49000 977 
50000 977 
51000 977 
52000 977 
53000 977 
54000 977 
55000 977 
56000 977 
57000 977 
58000 977 
59000 977 
60000 977 
61000 977 
62000 977 
63000 977 
64000 977 
65000 977 
66000 977 
67000 977 
68000 977 
69000 977 
70000 977 
71000 977 
72000 977 
73000 977 
74000 977 
75000 977 
76000 977 
77000 977 
78000 977 
79000 977 
80000 977 
81000 977 
82000 977 
83000 977 
84000 977 
85000 977 
86000 977 
87000 977 
88000 977 
89000 977 
90000 977 
91000 977 
92000 977 
93000 977 
94000 977 
95000 977 
96000 977 
97000 977 
98000 977 
99000 977 
100000 977 
101000 977 
102000 977 
103000 977 
104000 977 
105000 977 
106000 977 
107000 977 
108000 977 
109000 977 
110000 977 
111000 977 
112000 977 
113000 977 
114000 977 
115000 977 
116000 977 
117000 977 
118000 977 
119000 977 
120000 977 
121000 977 
122000 977 
123000 977 
124000 977 
125000 977 
126000 977 
127000 977 
128000 977 
129000 977 
130000 977 
131000 977 
132000 977 
133000 978 
134000 978 
135000 978 
136000 978 
137000 978 
138000 978 
139000 978 
140000 978 
141000 978 
142000 978 
143000 978 
144000 978 
145000 978 
146000 978 
147000 978 
148000 978 
149000 978 
150000 978 
151000 978 
152000 978 
153000 978 
154000 978 
155000 978 
156000 978 
157000 978 
158000 978 
159000 978 
160000 978 
161000 978 
162000 978 
163000 978 
164000 978 
165000 978 
166000 978 
167000 978 
168000 978 
169000 978 
170000 978 
171000 978 
172000 978 
173000 978 
174000 978 
175000 978 
176000 978 
177000 978 
178000 978 
179000 978 
180000 978 
181000 978 
182000 978 
183000 978 
184000 978 
185000 978 
186000 978 
187000 978 
188000 978 
189000 978 
190000 978 
191000 978 
192000 978 
193000 978 
194000 978 
195000 978 
196000 978 
197000 978 
198000 978 
199000 978 
200000 978 
201000 978 
202000 978 
203000 978 
204000 978 
205000 978 
206000 978 
207000 978 
208000 978 
209000 978 
210000 978 
211000 978 
212000 978 
213000 978 
214000 978 
215000 978 
216000 978 
217000 978 
218000 978 
219000 978 
220000 978 
221000 978 
222000 978 
223000 978 
224000 978 
225000 978 
226000 978 
227000 978 
228000 978 
229000 978 
230000 978 
231000 978 
232000 978 
233000 978 
234000 978 
235000 978 
236000 978 
237000 978 
238000 978 
239000 978 
240000 978 
241000 978 
242000 978 
243000 978 
244000 978 
245000 978 
246000 978 
247000 978 
248000 978 
249000 978 
250000 978 
1000 963 
2000 966 
3000 966 
4000 966 
5000 966 
6000 971 
7000 971 
8000 971 
9000 971 
10000 976 
11000 976 
12000 976 
13000 976 
14000 976 
15000 976 
16000 976 
17000 976 
18000 979 
19000 979 
20000 979 
21000 979 
22000 979 
23000 979 
24000 979 
25000 979 
26000 979 
27000 979 
28000 979 
29000 979 
30000 979 
31000 979 
32000 979 
33000 979 
34000 979 
35000 979 
36000 979 
37000 979 
38000 979 
39000 979 
40000 979 
41000 979 
42000 979 
43000 979 
44000 979 
45000 979 
46000 979 
47000 979 
48000 979 
49000 979 
50000 979 
51000 979 
52000 979 
53000 979 
54000 979 
55000 979 
56000 979 
57000 979 
58000 979 
59000 979 
60000 979 
61000 979 
62000 979 
63000 979 
64000 979 
65000 979 
66000 979 
67000 979 
68000 979 
69000 979 
70000 979 
71000 979 
72000 979 
73000 979 
74000 979 
75000 979 
76000 979 
77000 979 
78000 979 
79000 979 
80000 979 
81000 979 
82000 979 
83000 979 
84000 979 
85000 979 
86000 979 
87000 979 
88000 979 
89000 979 
90000 979 
91000 979 
92000 979 
93000 979 
94000 979 
95000 979 
96000 979 
97000 979 
98000 979 
99000 979 
100000 979 
101000 979 
102000 979 
103000 979 
104000 979 
105000 979 
106000 979 
107000 979 
108000 979 
109000 979 
110000 979 
111000 979 
112000 979 
113000 979 
114000 979 
115000 979 
116000 979 
117000 979 
118000 979 
119000 979 
120000 979 
121000 979 
122000 979 
123000 979 
124000 979 
125000 979 
126000 979 
127000 979 
128000 979 
129000 979 
130000 979 
131000 979 
132000 979 
133000 979 
134000 979 
135000 979 
136000 979 
137000 979 
138000 979 
139000 979 
140000 979 
141000 979 
142000 979 
143000 979 
144000 979 
145000 979 
146000 979 
147000 979 
148000 979 
149000 979 
150000 979 
151000 979 
152000 979 
153000 979 
154000 979 
155000 979 
156000 979 
157000 979 
158000 979 
159000 979 
160000 979 
161000 979 
162000 979 
163000 979 
164000 979 
165000 979 
166000 979 
167000 979 
168000 979 
169000 979 
170000 979 
171000 979 
172000 979 
173000 979 
174000 979 
175000 979 
176000 979 
177000 979 
178000 979 
179000 979 
180000 979 
181000 979 
182000 979 
183000 979 
184000 979 
185000 979 
186000 979 
187000 979 
188000 979 
189000 979 
190000 979 
191000 979 
192000 979 
193000 979 
194000 979 
195000 979 
196000 979 
197000 979 
198000 979 
199000 979 
200000 979 
201000 979 
202000 979 
203000 979 
204000 979 
205000 979 
206000 979 
207000 979 
208000 979 
209000 979 
210000 979 
211000 979 
212000 979 
213000 979 
214000 979 
215000 979 
216000 979 
217000 979 
218000 979 
219000 979 
220000 979 
221000 979 
222000 979 
223000 979 
224000 979 
225000 979 
226000 979 
227000 979 
228000 979 
229000 979 
230000 979 
231000 979 
232000 979 
233000 979 
234000 979 
235000 979 
236000 979 
237000 979 
238000 979 
239000 979 
240000 979 
241000 979 
242000 979 
243000 979 
244000 979 
245000 982 
246000 982 
247000 982 
248000 982 
249000 982 
