1000 976 
2000 976 
3000 976 
4000 976 
5000 980 
6000 980 
7000 980 
8000 980 
9000 980 
10000 988 
1000 969 
2000 969 
3000 969 
4000 972 
5000 972 
6000 972 
7000 972 
8000 972 
9000 972 
10000 972 
11000 972 
12000 972 
13000 972 
14000 972 
15000 972 
16000 972 
17000 972 
18000 976 
19000 976 
20000 976 
21000 976 
22000 976 
23000 976 
24000 976 
25000 976 
26000 976 
27000 976 
28000 976 
29000 976 
30000 976 
31000 976 
32000 976 
33000 976 
34000 976 
35000 976 
36000 976 
37000 976 
38000 976 
39000 976 
40000 976 
41000 976 
42000 976 
43000 976 
44000 976 
45000 976 
46000 976 
47000 976 
48000 976 
49000 976 
50000 976 
51000 976 
52000 976 
53000 977 
54000 977 
55000 977 
56000 977 
57000 977 
58000 977 
59000 977 
60000 977 
61000 977 
62000 977 
63000 977 
64000 977 
65000 977 
66000 977 
67000 977 
68000 977 
69000 977 
70000 977 
71000 977 
72000 977 
73000 977 
74000 977 
75000 977 
76000 977 
77000 977 
78000 977 
79000 977 
80000 977 
81000 977 
82000 977 
83000 977 
84000 977 
85000 977 
86000 977 
87000 977 
88000 977 
89000 977 
90000 977 
91000 977 
92000 977 
93000 977 
94000 977 
95000 977 
96000 977 
97000 977 
98000 977 
99000 977 
100000 977 
101000 977 
102000 977 
103000 977 
104000 977 
105000 977 
106000 977 
107000 977 
108000 977 
109000 977 
110000 977 
111000 977 
112000 977 
113000 977 
114000 977 
115000 977 
116000 977 
117000 977 
118000 977 
119000 977 
120000 977 
121000 977 
122000 977 
123000 977 
124000 977 
125000 977 
126000 977 
127000 977 
128000 977 
129000 977 
130000 977 
131000 977 
132000 977 
133000 977 
134000 977 
135000 977 
136000 977 
137000 977 
138000 977 
139000 977 
140000 977 
141000 977 
142000 977 
143000 977 
144000 977 
145000 977 
146000 977 
147000 977 
148000 977 
149000 977 
150000 977 
151000 977 
152000 977 
153000 977 
154000 977 
155000 977 
156000 977 
157000 977 
158000 977 
159000 977 
160000 977 
161000 977 
162000 977 
163000 977 
164000 977 
165000 977 
166000 977 
167000 977 
168000 977 
169000 977 
170000 977 
171000 977 
172000 977 
173000 977 
174000 977 
175000 977 
176000 977 
177000 977 
178000 977 
179000 977 
180000 977 
181000 977 
182000 977 
183000 977 
184000 977 
185000 977 
186000 977 
187000 977 
188000 977 
189000 977 
190000 977 
191000 977 
192000 977 
193000 977 
194000 977 
195000 977 
196000 977 
197000 977 
198000 977 
199000 977 
200000 977 
201000 977 
202000 977 
203000 977 
204000 977 
205000 977 
206000 977 
207000 977 
208000 977 
209000 977 
210000 977 
211000 977 
212000 977 
213000 977 
214000 977 
215000 977 
216000 977 
217000 977 
218000 977 
219000 977 
220000 977 
221000 977 
222000 977 
223000 977 
224000 977 
225000 977 
226000 977 
227000 977 
228000 977 
229000 977 
230000 977 
231000 977 
232000 977 
233000 977 
234000 977 
235000 977 
236000 977 
237000 977 
238000 977 
239000 977 
240000 977 
241000 977 
242000 977 
243000 977 
244000 977 
245000 977 
246000 977 
247000 977 
248000 977 
249000 977 
