1000 960 
2000 967 
3000 967 
4000 967 
5000 967 
6000 967 
7000 975 
8000 975 
9000 975 
10000 975 
11000 975 
12000 975 
13000 975 
14000 975 
15000 975 
16000 975 
17000 975 
18000 975 
19000 975 
20000 975 
21000 975 
22000 975 
23000 975 
24000 975 
25000 975 
26000 975 
27000 975 
28000 975 
29000 975 
30000 975 
31000 975 
32000 975 
33000 975 
34000 975 
35000 976 
36000 976 
37000 976 
38000 976 
39000 976 
40000 976 
41000 976 
42000 976 
43000 976 
44000 976 
45000 976 
46000 976 
47000 976 
48000 976 
49000 976 
50000 976 
51000 976 
52000 976 
53000 976 
54000 976 
55000 976 
56000 976 
57000 976 
58000 976 
59000 976 
60000 976 
61000 976 
62000 976 
63000 976 
64000 976 
65000 976 
66000 976 
67000 976 
68000 976 
69000 976 
70000 976 
71000 976 
72000 976 
73000 976 
74000 976 
75000 976 
76000 976 
77000 976 
78000 976 
79000 976 
80000 976 
81000 976 
82000 976 
83000 976 
84000 976 
85000 976 
86000 976 
87000 976 
88000 976 
89000 976 
90000 976 
91000 976 
92000 976 
93000 976 
94000 976 
95000 976 
96000 976 
97000 976 
98000 976 
99000 976 
100000 976 
101000 976 
102000 976 
103000 976 
104000 976 
105000 976 
106000 976 
107000 976 
108000 976 
109000 976 
110000 976 
111000 976 
112000 976 
113000 976 
114000 976 
115000 976 
116000 976 
117000 976 
118000 976 
119000 976 
120000 976 
121000 976 
122000 976 
123000 976 
124000 976 
125000 976 
126000 976 
127000 976 
128000 976 
129000 976 
130000 976 
131000 976 
132000 976 
133000 976 
134000 976 
135000 976 
136000 976 
137000 976 
138000 976 
139000 976 
140000 976 
141000 976 
142000 976 
143000 976 
144000 976 
145000 976 
146000 976 
147000 976 
148000 976 
149000 976 
150000 976 
151000 976 
152000 976 
153000 976 
154000 976 
155000 976 
156000 978 
157000 978 
158000 978 
159000 978 
160000 978 
161000 978 
162000 978 
163000 978 
164000 978 
165000 978 
166000 978 
167000 978 
168000 978 
169000 978 
170000 978 
171000 978 
172000 978 
173000 978 
174000 978 
175000 978 
176000 978 
177000 978 
178000 978 
179000 978 
180000 978 
181000 978 
182000 978 
183000 978 
184000 978 
185000 978 
186000 978 
187000 978 
188000 978 
189000 978 
190000 978 
191000 978 
192000 978 
193000 978 
194000 978 
195000 978 
196000 978 
197000 978 
198000 978 
199000 978 
200000 978 
201000 978 
202000 978 
203000 978 
204000 978 
205000 978 
206000 978 
207000 978 
208000 978 
209000 978 
210000 978 
211000 978 
212000 978 
213000 978 
214000 978 
215000 978 
216000 978 
217000 978 
218000 978 
219000 978 
220000 978 
221000 978 
222000 978 
223000 978 
224000 981 
225000 981 
226000 981 
227000 981 
228000 981 
229000 981 
230000 981 
231000 981 
232000 981 
233000 981 
234000 981 
235000 981 
236000 981 
237000 981 
238000 981 
239000 981 
240000 981 
241000 981 
242000 981 
243000 981 
244000 981 
245000 981 
246000 981 
247000 981 
248000 981 
249000 981 
250000 981 
1000 970 
2000 972 
3000 972 
4000 972 
5000 972 
6000 974 
7000 974 
8000 974 
9000 974 
10000 974 
11000 974 
12000 974 
13000 974 
14000 974 
15000 974 
16000 974 
17000 974 
18000 974 
19000 974 
20000 974 
21000 974 
22000 974 
23000 974 
24000 974 
25000 974 
26000 974 
27000 974 
28000 974 
29000 974 
30000 974 
31000 974 
32000 974 
33000 974 
34000 974 
35000 974 
36000 974 
37000 974 
38000 974 
39000 974 
40000 974 
41000 974 
42000 974 
43000 975 
44000 975 
45000 975 
46000 975 
47000 975 
48000 975 
49000 975 
50000 975 
51000 975 
52000 975 
53000 975 
54000 975 
55000 975 
56000 975 
57000 975 
58000 975 
59000 975 
60000 975 
61000 975 
62000 975 
63000 975 
64000 975 
65000 975 
66000 975 
67000 975 
68000 975 
69000 975 
70000 975 
71000 975 
72000 975 
73000 975 
74000 975 
75000 975 
76000 975 
77000 975 
78000 975 
79000 975 
80000 975 
81000 975 
82000 975 
83000 975 
84000 975 
85000 975 
86000 975 
87000 975 
88000 975 
89000 975 
90000 975 
91000 975 
92000 975 
93000 975 
94000 975 
95000 975 
96000 975 
97000 975 
98000 975 
99000 975 
100000 975 
101000 975 
102000 975 
103000 975 
104000 975 
105000 975 
106000 975 
107000 975 
108000 975 
109000 975 
110000 975 
111000 975 
112000 975 
113000 975 
114000 975 
115000 975 
116000 975 
117000 975 
118000 975 
119000 975 
120000 975 
121000 975 
122000 975 
123000 975 
124000 975 
125000 975 
126000 975 
127000 975 
128000 975 
129000 975 
130000 975 
131000 975 
132000 975 
133000 975 
134000 975 
135000 975 
136000 975 
137000 975 
138000 975 
139000 975 
140000 975 
141000 975 
142000 975 
143000 975 
144000 975 
145000 975 
146000 975 
147000 975 
148000 975 
149000 975 
150000 975 
151000 975 
152000 975 
153000 975 
154000 975 
155000 975 
156000 975 
157000 975 
158000 975 
159000 975 
160000 975 
161000 975 
162000 975 
163000 980 
164000 980 
165000 980 
166000 980 
167000 980 
168000 980 
169000 980 
170000 980 
171000 980 
172000 980 
173000 980 
174000 980 
175000 980 
176000 980 
177000 980 
178000 980 
179000 980 
180000 980 
181000 980 
182000 980 
183000 980 
184000 980 
185000 980 
186000 980 
187000 980 
188000 980 
189000 980 
190000 980 
191000 980 
192000 980 
193000 980 
194000 980 
195000 980 
196000 980 
197000 980 
198000 980 
199000 980 
200000 980 
201000 980 
202000 980 
203000 980 
204000 980 
205000 980 
206000 980 
207000 980 
208000 980 
209000 980 
210000 980 
211000 980 
212000 980 
213000 980 
214000 980 
215000 980 
216000 980 
217000 980 
218000 980 
219000 980 
220000 980 
221000 980 
222000 980 
223000 980 
224000 980 
225000 980 
226000 980 
227000 980 
228000 980 
229000 980 
230000 980 
231000 980 
232000 980 
233000 980 
234000 980 
235000 980 
236000 980 
237000 980 
238000 980 
239000 980 
240000 980 
241000 980 
242000 980 
243000 980 
244000 980 
245000 980 
246000 980 
247000 980 
248000 980 
249000 980 
