1000 963 
2000 963 
3000 967 
4000 967 
5000 967 
6000 969 
7000 970 
8000 970 
9000 971 
10000 971 
11000 971 
12000 971 
13000 971 
14000 971 
15000 971 
16000 971 
17000 971 
18000 971 
19000 971 
20000 971 
21000 971 
22000 977 
23000 977 
24000 977 
25000 977 
26000 977 
27000 983 
28000 983 
29000 983 
30000 983 
31000 983 
32000 983 
33000 983 
34000 983 
35000 983 
36000 983 
37000 983 
38000 983 
39000 983 
40000 983 
41000 983 
42000 983 
43000 983 
44000 983 
45000 983 
46000 983 
47000 983 
48000 983 
49000 983 
50000 983 
51000 983 
52000 983 
53000 983 
54000 983 
55000 983 
56000 983 
57000 983 
58000 983 
59000 983 
60000 983 
61000 983 
62000 983 
63000 983 
64000 983 
65000 983 
66000 983 
67000 983 
68000 983 
69000 983 
70000 983 
71000 983 
72000 983 
73000 983 
74000 983 
75000 983 
76000 983 
77000 983 
78000 983 
79000 983 
80000 983 
81000 983 
82000 983 
83000 983 
84000 983 
85000 983 
86000 983 
87000 983 
88000 983 
89000 983 
90000 983 
91000 983 
92000 983 
93000 983 
94000 983 
95000 983 
96000 983 
97000 983 
98000 983 
99000 983 
100000 983 
101000 983 
102000 983 
103000 983 
104000 983 
105000 983 
106000 983 
107000 983 
108000 983 
109000 983 
110000 983 
111000 983 
112000 983 
113000 983 
114000 983 
115000 983 
116000 983 
117000 983 
118000 983 
119000 983 
120000 983 
121000 983 
122000 983 
123000 983 
124000 983 
125000 983 
126000 983 
127000 983 
128000 983 
129000 983 
130000 983 
131000 983 
132000 983 
133000 983 
134000 983 
135000 983 
136000 983 
137000 983 
138000 983 
139000 983 
140000 983 
141000 983 
142000 983 
143000 983 
144000 983 
145000 983 
146000 983 
147000 983 
148000 983 
149000 983 
150000 983 
151000 983 
152000 983 
153000 983 
154000 983 
155000 983 
156000 983 
157000 983 
158000 983 
159000 983 
160000 983 
161000 983 
162000 983 
163000 983 
164000 983 
165000 983 
166000 983 
167000 983 
168000 983 
169000 983 
170000 983 
171000 983 
172000 983 
173000 983 
174000 983 
175000 983 
176000 983 
177000 983 
178000 983 
179000 983 
180000 983 
181000 983 
182000 983 
183000 983 
184000 983 
185000 983 
186000 983 
187000 983 
188000 983 
189000 983 
190000 983 
191000 983 
192000 983 
193000 983 
194000 983 
195000 983 
196000 983 
197000 983 
198000 983 
199000 983 
200000 983 
201000 983 
202000 983 
203000 983 
204000 983 
205000 983 
206000 983 
207000 983 
208000 983 
209000 983 
210000 983 
211000 983 
212000 983 
213000 983 
214000 983 
215000 983 
216000 983 
217000 983 
218000 983 
219000 983 
220000 983 
221000 983 
222000 983 
223000 983 
224000 983 
225000 983 
226000 983 
227000 983 
228000 983 
229000 983 
230000 983 
231000 983 
232000 983 
233000 983 
234000 983 
235000 983 
236000 983 
237000 983 
238000 983 
239000 983 
240000 983 
241000 983 
242000 983 
243000 983 
244000 983 
245000 983 
246000 983 
247000 983 
248000 983 
249000 983 
250000 983 
1000 963 
2000 964 
3000 964 
4000 964 
5000 965 
6000 966 
7000 968 
8000 969 
9000 969 
10000 969 
11000 969 
12000 969 
13000 969 
14000 969 
15000 969 
16000 969 
17000 969 
18000 969 
19000 969 
20000 969 
21000 969 
22000 969 
23000 971 
24000 971 
25000 971 
26000 971 
27000 971 
28000 971 
29000 971 
30000 971 
31000 973 
32000 973 
33000 973 
34000 973 
35000 973 
36000 973 
37000 973 
38000 973 
39000 973 
40000 973 
41000 973 
42000 973 
43000 973 
44000 973 
45000 973 
46000 973 
47000 973 
48000 973 
49000 973 
50000 973 
51000 973 
52000 973 
53000 973 
54000 973 
55000 973 
56000 973 
57000 973 
58000 973 
59000 973 
60000 973 
61000 973 
62000 973 
63000 977 
64000 977 
65000 977 
66000 977 
67000 977 
68000 977 
69000 977 
70000 977 
71000 977 
72000 977 
73000 977 
74000 977 
75000 977 
76000 977 
77000 977 
78000 977 
79000 977 
80000 977 
81000 977 
82000 977 
83000 977 
84000 977 
85000 977 
86000 977 
87000 977 
88000 977 
89000 977 
90000 977 
91000 977 
92000 977 
93000 977 
94000 977 
95000 977 
96000 977 
97000 977 
98000 977 
99000 977 
100000 977 
101000 977 
102000 977 
103000 977 
104000 977 
105000 977 
106000 977 
107000 977 
108000 977 
109000 977 
110000 977 
111000 977 
112000 977 
113000 977 
114000 977 
115000 977 
116000 977 
117000 977 
118000 977 
119000 977 
120000 977 
121000 977 
122000 977 
123000 977 
124000 977 
125000 977 
126000 977 
127000 977 
128000 977 
129000 977 
130000 978 
131000 978 
132000 978 
133000 978 
134000 978 
135000 978 
136000 978 
137000 978 
138000 978 
139000 978 
140000 978 
141000 978 
142000 978 
143000 978 
144000 978 
145000 978 
146000 978 
147000 978 
148000 978 
149000 978 
150000 978 
151000 978 
152000 978 
153000 978 
154000 978 
155000 978 
156000 978 
157000 978 
158000 978 
159000 978 
160000 978 
161000 978 
162000 978 
163000 978 
164000 978 
165000 978 
166000 978 
167000 978 
168000 978 
169000 978 
170000 978 
171000 978 
172000 978 
173000 978 
174000 978 
175000 978 
176000 978 
177000 978 
178000 978 
179000 978 
180000 978 
181000 978 
182000 978 
183000 978 
184000 978 
185000 978 
186000 978 
187000 978 
188000 978 
189000 978 
190000 978 
191000 978 
192000 978 
193000 978 
194000 978 
195000 978 
196000 978 
197000 978 
198000 978 
199000 978 
200000 978 
201000 978 
202000 978 
203000 978 
204000 978 
205000 978 
206000 978 
207000 978 
208000 978 
209000 978 
210000 978 
211000 978 
212000 978 
213000 978 
214000 978 
215000 978 
216000 978 
217000 978 
218000 978 
219000 978 
220000 978 
221000 978 
222000 978 
223000 978 
224000 978 
225000 978 
226000 978 
227000 978 
228000 978 
229000 978 
230000 978 
231000 978 
232000 978 
233000 978 
234000 978 
235000 978 
236000 978 
237000 978 
238000 978 
239000 978 
240000 978 
241000 978 
242000 978 
243000 978 
244000 978 
245000 978 
246000 978 
247000 978 
248000 978 
249000 978 
