1000 976 
2000 976 
3000 976 
4000 976 
5000 976 
6000 976 
7000 976 
8000 976 
9000 976 
10000 977 
1000 968 
2000 968 
3000 968 
4000 968 
5000 968 
6000 968 
7000 977 
8000 977 
9000 977 
10000 977 
11000 977 
12000 977 
13000 977 
14000 977 
15000 977 
16000 977 
17000 977 
18000 977 
19000 977 
20000 977 
21000 977 
22000 977 
23000 977 
24000 977 
25000 977 
26000 977 
27000 977 
28000 977 
29000 977 
30000 977 
31000 977 
32000 977 
33000 977 
34000 977 
35000 977 
36000 977 
37000 977 
38000 977 
39000 977 
40000 977 
41000 977 
42000 977 
43000 977 
44000 977 
45000 977 
46000 977 
47000 977 
48000 977 
49000 977 
50000 977 
51000 977 
52000 977 
53000 977 
54000 977 
55000 977 
56000 977 
57000 977 
58000 977 
59000 977 
60000 977 
61000 977 
62000 977 
63000 977 
64000 977 
65000 977 
66000 977 
67000 977 
68000 977 
69000 977 
70000 977 
71000 977 
72000 977 
73000 977 
74000 977 
75000 977 
76000 977 
77000 977 
78000 977 
79000 977 
80000 977 
81000 977 
82000 977 
83000 977 
84000 977 
85000 977 
86000 977 
87000 977 
88000 977 
89000 977 
90000 977 
91000 977 
92000 977 
93000 977 
94000 977 
95000 977 
96000 977 
97000 977 
98000 977 
99000 977 
100000 977 
101000 977 
102000 977 
103000 977 
104000 977 
105000 977 
106000 977 
107000 977 
108000 977 
109000 977 
110000 977 
111000 977 
112000 977 
113000 977 
114000 977 
115000 977 
116000 977 
117000 977 
118000 977 
119000 977 
120000 977 
121000 977 
122000 977 
123000 977 
124000 977 
125000 977 
126000 977 
127000 977 
128000 977 
129000 977 
130000 977 
131000 977 
132000 977 
133000 977 
134000 977 
135000 977 
136000 977 
137000 977 
138000 977 
139000 977 
140000 977 
141000 977 
142000 977 
143000 977 
144000 977 
145000 977 
146000 977 
147000 977 
148000 977 
149000 977 
150000 977 
151000 977 
152000 977 
153000 977 
154000 977 
155000 977 
156000 977 
157000 977 
158000 977 
159000 977 
160000 977 
161000 977 
162000 984 
163000 984 
164000 984 
165000 984 
166000 984 
167000 984 
168000 984 
169000 984 
170000 984 
171000 984 
172000 984 
173000 984 
174000 984 
175000 984 
176000 984 
177000 984 
178000 984 
179000 984 
180000 984 
181000 984 
182000 984 
183000 984 
184000 984 
185000 984 
186000 984 
187000 984 
188000 984 
189000 984 
190000 984 
191000 984 
192000 984 
193000 984 
194000 984 
195000 984 
196000 984 
197000 984 
198000 984 
199000 984 
200000 984 
201000 984 
202000 984 
203000 984 
204000 984 
205000 984 
206000 984 
207000 984 
208000 984 
209000 984 
210000 984 
211000 984 
212000 984 
213000 984 
214000 984 
215000 984 
216000 984 
217000 984 
218000 984 
219000 984 
220000 984 
221000 984 
222000 984 
223000 984 
224000 984 
225000 984 
226000 984 
227000 984 
228000 984 
229000 984 
230000 984 
231000 984 
232000 984 
233000 984 
234000 984 
235000 984 
236000 984 
237000 984 
238000 984 
239000 984 
240000 984 
241000 984 
242000 984 
243000 984 
244000 984 
245000 984 
246000 984 
247000 984 
248000 984 
249000 984 
