1000 974 
2000 974 
3000 974 
4000 975 
5000 976 
6000 976 
7000 976 
8000 976 
9000 982 
10000 982 
1000 964 
2000 975 
3000 975 
4000 975 
5000 975 
6000 975 
7000 975 
8000 975 
9000 975 
10000 975 
11000 975 
12000 975 
13000 975 
14000 975 
15000 975 
16000 975 
17000 975 
18000 975 
19000 975 
20000 975 
21000 975 
22000 975 
23000 975 
24000 975 
25000 975 
26000 975 
27000 975 
28000 975 
29000 975 
30000 975 
31000 975 
32000 975 
33000 975 
34000 975 
35000 975 
36000 975 
37000 975 
38000 975 
39000 975 
40000 975 
41000 975 
42000 975 
43000 975 
44000 975 
45000 975 
46000 975 
47000 975 
48000 975 
49000 975 
50000 975 
51000 975 
52000 975 
53000 975 
54000 975 
55000 975 
56000 975 
57000 975 
58000 975 
59000 975 
60000 975 
61000 975 
62000 975 
63000 975 
64000 975 
65000 975 
66000 975 
67000 975 
68000 975 
69000 975 
70000 975 
71000 975 
72000 975 
73000 975 
74000 975 
75000 975 
76000 975 
77000 975 
78000 975 
79000 975 
80000 975 
81000 975 
82000 975 
83000 975 
84000 975 
85000 975 
86000 975 
87000 975 
88000 975 
89000 975 
90000 975 
91000 975 
92000 975 
93000 975 
94000 975 
95000 975 
96000 975 
97000 975 
98000 983 
99000 983 
100000 983 
101000 983 
102000 983 
103000 983 
104000 983 
105000 983 
106000 983 
107000 983 
108000 983 
109000 983 
110000 983 
111000 983 
112000 983 
113000 983 
114000 983 
115000 983 
116000 983 
117000 983 
118000 983 
119000 983 
120000 983 
121000 983 
122000 983 
123000 983 
124000 983 
125000 983 
126000 983 
127000 983 
128000 983 
129000 983 
130000 983 
131000 983 
132000 983 
133000 983 
134000 983 
135000 983 
136000 983 
137000 983 
138000 983 
139000 983 
140000 983 
141000 983 
142000 983 
143000 983 
144000 983 
145000 983 
146000 983 
147000 983 
148000 983 
149000 983 
150000 983 
151000 983 
152000 983 
153000 983 
154000 983 
155000 983 
156000 983 
157000 983 
158000 983 
159000 983 
160000 983 
161000 983 
162000 983 
163000 983 
164000 983 
165000 983 
166000 983 
167000 983 
168000 983 
169000 983 
170000 983 
171000 983 
172000 983 
173000 983 
174000 983 
175000 983 
176000 983 
177000 983 
178000 983 
179000 983 
180000 983 
181000 983 
182000 983 
183000 983 
184000 983 
185000 983 
186000 983 
187000 983 
188000 983 
189000 983 
190000 983 
191000 983 
192000 983 
193000 983 
194000 983 
195000 983 
196000 983 
197000 983 
198000 983 
199000 983 
200000 983 
201000 983 
202000 983 
203000 983 
204000 983 
205000 983 
206000 983 
207000 983 
208000 983 
209000 983 
210000 983 
211000 983 
212000 983 
213000 983 
214000 983 
215000 983 
216000 983 
217000 983 
218000 983 
219000 983 
220000 983 
221000 983 
222000 983 
223000 983 
224000 983 
225000 983 
226000 983 
227000 983 
228000 983 
229000 983 
230000 983 
231000 983 
232000 983 
233000 983 
234000 983 
235000 983 
236000 983 
237000 983 
238000 983 
239000 983 
240000 983 
241000 983 
242000 983 
243000 983 
244000 983 
245000 983 
246000 983 
247000 983 
248000 983 
249000 983 
