1000 962 
2000 962 
3000 965 
4000 966 
5000 970 
6000 970 
7000 970 
8000 970 
9000 970 
10000 970 
11000 970 
12000 970 
13000 970 
14000 970 
15000 970 
16000 970 
17000 970 
18000 970 
19000 970 
20000 971 
21000 971 
22000 971 
23000 971 
24000 971 
25000 971 
26000 971 
27000 971 
28000 971 
29000 971 
30000 971 
31000 971 
32000 973 
33000 973 
34000 973 
35000 973 
36000 973 
37000 973 
38000 973 
39000 973 
40000 973 
41000 973 
42000 973 
43000 973 
44000 974 
45000 974 
46000 974 
47000 974 
48000 974 
49000 974 
50000 974 
51000 974 
52000 974 
53000 974 
54000 974 
55000 974 
56000 974 
57000 974 
58000 974 
59000 974 
60000 974 
61000 974 
62000 974 
63000 974 
64000 974 
65000 974 
66000 974 
67000 974 
68000 974 
69000 974 
70000 974 
71000 974 
72000 974 
73000 974 
74000 978 
75000 978 
76000 978 
77000 978 
78000 978 
79000 978 
80000 978 
81000 978 
82000 978 
83000 978 
84000 981 
85000 981 
86000 981 
87000 981 
88000 981 
89000 981 
90000 981 
91000 981 
92000 981 
93000 981 
94000 981 
95000 981 
96000 981 
97000 981 
98000 981 
99000 981 
100000 981 
101000 981 
102000 981 
103000 981 
104000 981 
105000 981 
106000 981 
107000 981 
108000 981 
109000 981 
110000 981 
111000 981 
112000 981 
113000 981 
114000 981 
115000 981 
116000 981 
117000 981 
118000 981 
119000 981 
120000 981 
121000 981 
122000 981 
123000 981 
124000 981 
125000 981 
126000 981 
127000 981 
128000 981 
129000 981 
130000 981 
131000 981 
132000 981 
133000 981 
134000 981 
135000 981 
136000 981 
137000 981 
138000 981 
139000 981 
140000 981 
141000 981 
142000 981 
143000 981 
144000 981 
145000 981 
146000 981 
147000 981 
148000 981 
149000 981 
150000 981 
151000 981 
152000 981 
153000 981 
154000 981 
155000 981 
156000 981 
157000 981 
158000 981 
159000 981 
160000 981 
161000 981 
162000 981 
163000 981 
164000 981 
165000 981 
166000 981 
167000 981 
168000 981 
169000 981 
170000 981 
171000 981 
172000 981 
173000 981 
174000 981 
175000 981 
176000 981 
177000 981 
178000 981 
179000 981 
180000 981 
181000 981 
182000 981 
183000 981 
184000 981 
185000 981 
186000 981 
187000 981 
188000 981 
189000 981 
190000 981 
191000 981 
192000 981 
193000 981 
194000 981 
195000 981 
196000 981 
197000 981 
198000 981 
199000 981 
200000 981 
201000 981 
202000 981 
203000 981 
204000 981 
205000 981 
206000 981 
207000 981 
208000 981 
209000 981 
210000 981 
211000 981 
212000 981 
213000 981 
214000 981 
215000 981 
216000 981 
217000 981 
218000 981 
219000 981 
220000 981 
221000 981 
222000 981 
223000 981 
224000 981 
225000 981 
226000 981 
227000 981 
228000 981 
229000 981 
230000 981 
231000 981 
232000 981 
233000 981 
234000 981 
235000 981 
236000 981 
237000 981 
238000 981 
239000 981 
240000 981 
241000 981 
242000 981 
243000 981 
244000 981 
245000 981 
246000 981 
247000 981 
248000 981 
249000 981 
250000 981 
1000 967 
2000 969 
3000 969 
4000 969 
5000 971 
6000 972 
7000 976 
8000 976 
9000 976 
10000 976 
11000 976 
12000 976 
13000 976 
14000 976 
15000 976 
16000 976 
17000 976 
18000 976 
19000 976 
20000 976 
21000 976 
22000 976 
23000 976 
24000 976 
25000 976 
26000 976 
27000 976 
28000 976 
29000 976 
30000 976 
31000 976 
32000 976 
33000 976 
34000 976 
35000 976 
36000 976 
37000 976 
38000 976 
39000 976 
40000 976 
41000 976 
42000 976 
43000 976 
44000 976 
45000 976 
46000 976 
47000 976 
48000 976 
49000 976 
50000 976 
51000 976 
52000 976 
53000 976 
54000 976 
55000 976 
56000 976 
57000 976 
58000 976 
59000 976 
60000 976 
61000 976 
62000 976 
63000 976 
64000 976 
65000 976 
66000 976 
67000 976 
68000 976 
69000 976 
70000 976 
71000 976 
72000 976 
73000 976 
74000 976 
75000 976 
76000 976 
77000 976 
78000 976 
79000 976 
80000 976 
81000 976 
82000 976 
83000 976 
84000 976 
85000 976 
86000 976 
87000 976 
88000 976 
89000 976 
90000 976 
91000 976 
92000 976 
93000 976 
94000 976 
95000 976 
96000 976 
97000 976 
98000 976 
99000 976 
100000 976 
101000 976 
102000 976 
103000 976 
104000 976 
105000 976 
106000 976 
107000 976 
108000 976 
109000 976 
110000 976 
111000 980 
112000 980 
113000 980 
114000 980 
115000 980 
116000 980 
117000 980 
118000 980 
119000 980 
120000 980 
121000 980 
122000 980 
123000 980 
124000 980 
125000 980 
126000 980 
127000 980 
128000 980 
129000 980 
130000 980 
131000 980 
132000 980 
133000 980 
134000 980 
135000 980 
136000 980 
137000 980 
138000 980 
139000 980 
140000 980 
141000 980 
142000 980 
143000 980 
144000 980 
145000 980 
146000 980 
147000 980 
148000 980 
149000 980 
150000 980 
151000 980 
152000 980 
153000 980 
154000 980 
155000 980 
156000 980 
157000 980 
158000 980 
159000 980 
160000 980 
161000 980 
162000 980 
163000 980 
164000 980 
165000 980 
166000 980 
167000 980 
168000 980 
169000 980 
170000 980 
171000 980 
172000 980 
173000 980 
174000 980 
175000 980 
176000 980 
177000 980 
178000 980 
179000 980 
180000 980 
181000 980 
182000 980 
183000 980 
184000 980 
185000 980 
186000 980 
187000 980 
188000 980 
189000 980 
190000 980 
191000 980 
192000 980 
193000 980 
194000 980 
195000 980 
196000 980 
197000 980 
198000 980 
199000 980 
200000 980 
201000 980 
202000 980 
203000 980 
204000 980 
205000 980 
206000 980 
207000 980 
208000 980 
209000 980 
210000 980 
211000 980 
212000 980 
213000 980 
214000 980 
215000 980 
216000 980 
217000 980 
218000 980 
219000 980 
220000 980 
221000 980 
222000 980 
223000 980 
224000 980 
225000 980 
226000 980 
227000 980 
228000 980 
229000 980 
230000 980 
231000 980 
232000 980 
233000 980 
234000 980 
235000 980 
236000 980 
237000 980 
238000 980 
239000 980 
240000 980 
241000 980 
242000 980 
243000 980 
244000 980 
245000 980 
246000 980 
247000 980 
248000 980 
249000 980 
