1000 976 
2000 976 
3000 976 
4000 976 
5000 976 
6000 976 
7000 976 
8000 976 
9000 977 
10000 977 
1000 968 
2000 971 
3000 971 
4000 973 
5000 973 
6000 973 
7000 973 
8000 973 
9000 973 
10000 973 
11000 973 
12000 973 
13000 973 
14000 973 
15000 973 
16000 973 
17000 973 
18000 973 
19000 973 
20000 973 
21000 973 
22000 973 
23000 973 
24000 973 
25000 973 
26000 973 
27000 973 
28000 973 
29000 973 
30000 973 
31000 973 
32000 973 
33000 973 
34000 973 
35000 973 
36000 973 
37000 973 
38000 973 
39000 973 
40000 973 
41000 973 
42000 973 
43000 973 
44000 973 
45000 973 
46000 973 
47000 973 
48000 973 
49000 973 
50000 973 
51000 973 
52000 973 
53000 973 
54000 973 
55000 973 
56000 973 
57000 973 
58000 973 
59000 973 
60000 973 
61000 973 
62000 973 
63000 973 
64000 973 
65000 973 
66000 973 
67000 973 
68000 973 
69000 973 
70000 974 
71000 974 
72000 974 
73000 974 
74000 974 
75000 974 
76000 974 
77000 974 
78000 974 
79000 974 
80000 974 
81000 974 
82000 974 
83000 974 
84000 974 
85000 974 
86000 974 
87000 974 
88000 974 
89000 974 
90000 974 
91000 974 
92000 974 
93000 974 
94000 974 
95000 974 
96000 974 
97000 974 
98000 974 
99000 974 
100000 974 
101000 974 
102000 974 
103000 974 
104000 974 
105000 974 
106000 974 
107000 974 
108000 974 
109000 974 
110000 974 
111000 974 
112000 974 
113000 974 
114000 974 
115000 974 
116000 974 
117000 974 
118000 974 
119000 974 
120000 974 
121000 974 
122000 974 
123000 974 
124000 974 
125000 974 
126000 974 
127000 974 
128000 974 
129000 974 
130000 974 
131000 974 
132000 974 
133000 974 
134000 974 
135000 974 
136000 974 
137000 974 
138000 974 
139000 974 
140000 974 
141000 974 
142000 974 
143000 974 
144000 974 
145000 975 
146000 975 
147000 975 
148000 975 
149000 975 
150000 975 
151000 975 
152000 975 
153000 975 
154000 975 
155000 975 
156000 975 
157000 975 
158000 975 
159000 975 
160000 975 
161000 975 
162000 975 
163000 975 
164000 975 
165000 975 
166000 975 
167000 976 
168000 976 
169000 976 
170000 976 
171000 976 
172000 976 
173000 976 
174000 976 
175000 976 
176000 976 
177000 976 
178000 976 
179000 976 
180000 976 
181000 976 
182000 976 
183000 976 
184000 976 
185000 976 
186000 976 
187000 976 
188000 976 
189000 976 
190000 976 
191000 983 
192000 983 
193000 983 
194000 983 
195000 983 
196000 983 
197000 983 
198000 983 
199000 983 
200000 983 
201000 983 
202000 983 
203000 983 
204000 983 
205000 983 
206000 983 
207000 983 
208000 983 
209000 983 
210000 983 
211000 983 
212000 983 
213000 983 
214000 983 
215000 983 
216000 983 
217000 983 
218000 983 
219000 983 
220000 983 
221000 983 
222000 983 
223000 983 
224000 983 
225000 983 
226000 983 
227000 983 
228000 983 
229000 983 
230000 983 
231000 983 
232000 983 
233000 983 
234000 983 
235000 983 
236000 983 
237000 983 
238000 983 
239000 983 
240000 983 
241000 983 
242000 983 
243000 983 
244000 983 
245000 983 
246000 983 
247000 983 
248000 983 
249000 983 
