1000 974 
2000 974 
3000 974 
4000 976 
5000 976 
6000 976 
7000 976 
8000 979 
9000 979 
10000 982 
1000 968 
2000 968 
3000 968 
4000 973 
5000 973 
6000 973 
7000 973 
8000 973 
9000 973 
10000 973 
11000 973 
12000 973 
13000 973 
14000 973 
15000 973 
16000 973 
17000 980 
18000 980 
19000 980 
20000 980 
21000 980 
22000 980 
23000 980 
24000 980 
25000 980 
26000 980 
27000 980 
28000 980 
29000 980 
30000 980 
31000 980 
32000 980 
33000 980 
34000 980 
35000 980 
36000 980 
37000 980 
38000 980 
39000 980 
40000 980 
41000 980 
42000 980 
43000 980 
44000 980 
45000 980 
46000 980 
47000 980 
48000 980 
49000 980 
50000 980 
51000 980 
52000 980 
53000 980 
54000 980 
55000 980 
56000 980 
57000 980 
58000 980 
59000 980 
60000 980 
61000 980 
62000 980 
63000 980 
64000 980 
65000 980 
66000 980 
67000 980 
68000 980 
69000 980 
70000 980 
71000 980 
72000 980 
73000 980 
74000 980 
75000 980 
76000 980 
77000 980 
78000 980 
79000 980 
80000 980 
81000 980 
82000 980 
83000 980 
84000 980 
85000 980 
86000 980 
87000 980 
88000 980 
89000 980 
90000 980 
91000 980 
92000 980 
93000 980 
94000 980 
95000 980 
96000 980 
97000 980 
98000 980 
99000 980 
100000 980 
101000 980 
102000 980 
103000 980 
104000 980 
105000 980 
106000 980 
107000 980 
108000 980 
109000 980 
110000 980 
111000 980 
112000 980 
113000 980 
114000 980 
115000 980 
116000 980 
117000 980 
118000 980 
119000 980 
120000 980 
121000 980 
122000 980 
123000 980 
124000 980 
125000 980 
126000 980 
127000 980 
128000 980 
129000 980 
130000 980 
131000 980 
132000 980 
133000 980 
134000 980 
135000 980 
136000 980 
137000 980 
138000 980 
139000 980 
140000 980 
141000 980 
142000 980 
143000 980 
144000 980 
145000 980 
146000 980 
147000 980 
148000 980 
149000 980 
150000 980 
151000 980 
152000 980 
153000 980 
154000 980 
155000 980 
156000 980 
157000 980 
158000 980 
159000 980 
160000 980 
161000 980 
162000 980 
163000 980 
164000 980 
165000 980 
166000 980 
167000 980 
168000 980 
169000 980 
170000 980 
171000 980 
172000 980 
173000 980 
174000 980 
175000 980 
176000 980 
177000 980 
178000 980 
179000 980 
180000 980 
181000 980 
182000 980 
183000 980 
184000 980 
185000 980 
186000 980 
187000 980 
188000 980 
189000 980 
190000 980 
191000 980 
192000 980 
193000 980 
194000 980 
195000 980 
196000 980 
197000 980 
198000 980 
199000 980 
200000 980 
201000 980 
202000 980 
203000 980 
204000 980 
205000 980 
206000 980 
207000 980 
208000 980 
209000 980 
210000 980 
211000 980 
212000 980 
213000 980 
214000 980 
215000 980 
216000 980 
217000 980 
218000 980 
219000 980 
220000 980 
221000 980 
222000 980 
223000 980 
224000 980 
225000 980 
226000 980 
227000 980 
228000 980 
229000 980 
230000 980 
231000 980 
232000 980 
233000 980 
234000 980 
235000 980 
236000 980 
237000 980 
238000 980 
239000 980 
240000 980 
241000 980 
242000 980 
243000 980 
244000 980 
245000 980 
246000 980 
247000 980 
248000 980 
249000 980 
