1000 974 
2000 974 
3000 976 
4000 981 
5000 981 
6000 981 
7000 981 
8000 981 
9000 981 
10000 981 
1000 963 
2000 971 
3000 971 
4000 971 
5000 971 
6000 971 
7000 975 
8000 975 
9000 975 
10000 975 
11000 975 
12000 975 
13000 975 
14000 975 
15000 975 
16000 975 
17000 975 
18000 975 
19000 975 
20000 975 
21000 975 
22000 975 
23000 975 
24000 975 
25000 975 
26000 975 
27000 975 
28000 975 
29000 975 
30000 975 
31000 975 
32000 975 
33000 975 
34000 975 
35000 975 
36000 975 
37000 975 
38000 975 
39000 975 
40000 975 
41000 975 
42000 975 
43000 975 
44000 975 
45000 975 
46000 975 
47000 975 
48000 975 
49000 975 
50000 975 
51000 975 
52000 975 
53000 975 
54000 975 
55000 975 
56000 975 
57000 975 
58000 975 
59000 975 
60000 975 
61000 975 
62000 975 
63000 975 
64000 975 
65000 975 
66000 975 
67000 975 
68000 975 
69000 975 
70000 975 
71000 975 
72000 975 
73000 975 
74000 975 
75000 975 
76000 975 
77000 975 
78000 975 
79000 975 
80000 975 
81000 975 
82000 975 
83000 975 
84000 975 
85000 975 
86000 975 
87000 975 
88000 975 
89000 975 
90000 975 
91000 975 
92000 975 
93000 975 
94000 975 
95000 975 
96000 975 
97000 975 
98000 975 
99000 975 
100000 975 
101000 975 
102000 975 
103000 975 
104000 975 
105000 975 
106000 975 
107000 975 
108000 975 
109000 975 
110000 975 
111000 975 
112000 975 
113000 975 
114000 975 
115000 975 
116000 975 
117000 975 
118000 975 
119000 975 
120000 975 
121000 975 
122000 975 
123000 975 
124000 975 
125000 975 
126000 975 
127000 975 
128000 975 
129000 975 
130000 975 
131000 975 
132000 975 
133000 975 
134000 975 
135000 975 
136000 975 
137000 975 
138000 976 
139000 976 
140000 976 
141000 976 
142000 976 
143000 976 
144000 976 
145000 976 
146000 976 
147000 976 
148000 976 
149000 979 
150000 979 
151000 979 
152000 979 
153000 979 
154000 979 
155000 979 
156000 979 
157000 979 
158000 979 
159000 979 
160000 979 
161000 979 
162000 979 
163000 979 
164000 979 
165000 979 
166000 979 
167000 979 
168000 979 
169000 979 
170000 979 
171000 979 
172000 979 
173000 979 
174000 979 
175000 979 
176000 979 
177000 979 
178000 979 
179000 979 
180000 979 
181000 979 
182000 979 
183000 979 
184000 979 
185000 979 
186000 979 
187000 979 
188000 979 
189000 979 
190000 979 
191000 979 
192000 979 
193000 979 
194000 979 
195000 979 
196000 979 
197000 979 
198000 979 
199000 979 
200000 979 
201000 979 
202000 979 
203000 979 
204000 979 
205000 979 
206000 979 
207000 979 
208000 979 
209000 979 
210000 979 
211000 979 
212000 979 
213000 979 
214000 979 
215000 979 
216000 979 
217000 979 
218000 979 
219000 979 
220000 979 
221000 979 
222000 979 
223000 979 
224000 979 
225000 979 
226000 979 
227000 979 
228000 979 
229000 979 
230000 979 
231000 979 
232000 979 
233000 979 
234000 979 
235000 979 
236000 979 
237000 979 
238000 979 
239000 979 
240000 979 
241000 979 
242000 979 
243000 979 
244000 979 
245000 979 
246000 979 
247000 979 
248000 979 
249000 979 
