1000 959 
2000 959 
3000 964 
4000 965 
5000 969 
6000 969 
7000 969 
8000 969 
9000 969 
10000 969 
11000 969 
12000 973 
13000 973 
14000 973 
15000 973 
16000 973 
17000 973 
18000 973 
19000 973 
20000 973 
21000 975 
22000 975 
23000 975 
24000 975 
25000 975 
26000 975 
27000 975 
28000 975 
29000 975 
30000 975 
31000 975 
32000 976 
33000 976 
34000 976 
35000 984 
36000 984 
37000 984 
38000 984 
39000 984 
40000 984 
41000 984 
42000 984 
43000 984 
44000 984 
45000 984 
46000 984 
47000 984 
48000 984 
49000 984 
50000 984 
51000 984 
52000 984 
53000 984 
54000 984 
55000 984 
56000 984 
57000 984 
58000 984 
59000 984 
60000 984 
61000 984 
62000 984 
63000 984 
64000 984 
65000 984 
66000 984 
67000 984 
68000 984 
69000 984 
70000 984 
71000 984 
72000 984 
73000 984 
74000 984 
75000 984 
76000 984 
77000 984 
78000 984 
79000 984 
80000 984 
81000 984 
82000 984 
83000 984 
84000 984 
85000 984 
86000 984 
87000 984 
88000 984 
89000 984 
90000 984 
91000 984 
92000 984 
93000 984 
94000 984 
95000 984 
96000 984 
97000 984 
98000 984 
99000 984 
100000 984 
101000 984 
102000 984 
103000 984 
104000 984 
105000 984 
106000 984 
107000 984 
108000 984 
109000 984 
110000 984 
111000 984 
112000 984 
113000 984 
114000 984 
115000 984 
116000 984 
117000 984 
118000 984 
119000 984 
120000 984 
121000 984 
122000 984 
123000 984 
124000 984 
125000 984 
126000 984 
127000 984 
128000 984 
129000 984 
130000 984 
131000 984 
132000 984 
133000 984 
134000 984 
135000 984 
136000 984 
137000 984 
138000 984 
139000 984 
140000 984 
141000 984 
142000 984 
143000 984 
144000 984 
145000 984 
146000 984 
147000 984 
148000 984 
149000 984 
150000 984 
151000 984 
152000 984 
153000 984 
154000 984 
155000 984 
156000 984 
157000 984 
158000 984 
159000 984 
160000 984 
161000 984 
162000 984 
163000 984 
164000 984 
165000 984 
166000 984 
167000 984 
168000 984 
169000 984 
170000 984 
171000 984 
172000 984 
173000 984 
174000 984 
175000 984 
176000 984 
177000 984 
178000 984 
179000 984 
180000 984 
181000 984 
182000 984 
183000 984 
184000 984 
185000 984 
186000 984 
187000 984 
188000 984 
189000 984 
190000 984 
191000 984 
192000 984 
193000 984 
194000 984 
195000 984 
196000 984 
197000 984 
198000 984 
199000 984 
200000 984 
201000 984 
202000 984 
203000 984 
204000 984 
205000 984 
206000 984 
207000 984 
208000 984 
209000 984 
210000 984 
211000 984 
212000 984 
213000 984 
214000 984 
215000 984 
216000 984 
217000 984 
218000 984 
219000 984 
220000 984 
221000 984 
222000 984 
223000 984 
224000 984 
225000 984 
226000 984 
227000 984 
228000 984 
229000 984 
230000 984 
231000 984 
232000 984 
233000 984 
234000 984 
235000 984 
236000 984 
237000 984 
238000 984 
239000 984 
240000 984 
241000 984 
242000 984 
243000 984 
244000 984 
245000 984 
246000 984 
247000 984 
248000 984 
249000 984 
250000 984 
1000 968 
2000 968 
3000 968 
4000 973 
5000 973 
6000 973 
7000 973 
8000 973 
9000 973 
10000 973 
11000 973 
12000 973 
13000 973 
14000 973 
15000 973 
16000 973 
17000 973 
18000 973 
19000 973 
20000 973 
21000 973 
22000 973 
23000 973 
24000 973 
25000 973 
26000 973 
27000 973 
28000 975 
29000 975 
30000 977 
31000 977 
32000 977 
33000 977 
34000 977 
35000 977 
36000 977 
37000 977 
38000 977 
39000 977 
40000 977 
41000 977 
42000 977 
43000 977 
44000 977 
45000 977 
46000 977 
47000 977 
48000 977 
49000 977 
50000 977 
51000 977 
52000 977 
53000 977 
54000 977 
55000 977 
56000 977 
57000 977 
58000 977 
59000 977 
60000 977 
61000 977 
62000 977 
63000 977 
64000 977 
65000 977 
66000 977 
67000 977 
68000 977 
69000 977 
70000 977 
71000 977 
72000 977 
73000 977 
74000 977 
75000 977 
76000 977 
77000 977 
78000 977 
79000 977 
80000 977 
81000 977 
82000 977 
83000 977 
84000 977 
85000 977 
86000 977 
87000 977 
88000 977 
89000 977 
90000 977 
91000 977 
92000 977 
93000 977 
94000 977 
95000 977 
96000 977 
97000 977 
98000 977 
99000 977 
100000 977 
101000 977 
102000 977 
103000 977 
104000 977 
105000 977 
106000 977 
107000 977 
108000 977 
109000 977 
110000 977 
111000 977 
112000 977 
113000 977 
114000 977 
115000 977 
116000 977 
117000 977 
118000 977 
119000 977 
120000 977 
121000 977 
122000 977 
123000 977 
124000 977 
125000 977 
126000 977 
127000 977 
128000 977 
129000 977 
130000 986 
131000 986 
132000 986 
133000 986 
134000 986 
135000 986 
136000 986 
137000 986 
138000 986 
139000 986 
140000 986 
141000 986 
142000 986 
143000 986 
144000 986 
145000 986 
146000 986 
147000 986 
148000 986 
149000 986 
150000 986 
151000 986 
152000 986 
153000 986 
154000 986 
155000 986 
156000 986 
157000 986 
158000 986 
159000 986 
160000 986 
161000 986 
162000 986 
163000 986 
164000 986 
165000 986 
166000 986 
167000 986 
168000 986 
169000 986 
170000 986 
171000 986 
172000 986 
173000 986 
174000 986 
175000 986 
176000 986 
177000 986 
178000 986 
179000 986 
180000 986 
181000 986 
182000 986 
183000 986 
184000 986 
185000 986 
186000 986 
187000 986 
188000 986 
189000 986 
190000 986 
191000 986 
192000 986 
193000 986 
194000 986 
195000 986 
196000 986 
197000 986 
198000 986 
199000 986 
200000 986 
201000 986 
202000 986 
203000 986 
204000 986 
205000 986 
206000 986 
207000 986 
208000 986 
209000 986 
210000 986 
211000 986 
212000 986 
213000 986 
214000 986 
215000 986 
216000 986 
217000 986 
218000 986 
219000 986 
220000 986 
221000 986 
222000 986 
223000 986 
224000 986 
225000 986 
226000 986 
227000 986 
228000 986 
229000 986 
230000 986 
231000 986 
232000 986 
233000 986 
234000 986 
235000 986 
236000 986 
237000 986 
238000 986 
239000 986 
240000 986 
241000 986 
242000 986 
243000 986 
244000 986 
245000 986 
246000 986 
247000 986 
248000 986 
249000 986 
