1000 964 
2000 964 
3000 966 
4000 972 
5000 972 
6000 972 
7000 972 
8000 972 
9000 972 
10000 972 
11000 972 
12000 972 
13000 972 
14000 972 
15000 972 
16000 972 
17000 972 
18000 972 
19000 972 
20000 972 
21000 972 
22000 972 
23000 972 
24000 972 
25000 972 
26000 972 
27000 972 
28000 972 
29000 972 
30000 972 
31000 972 
32000 972 
33000 972 
34000 972 
35000 972 
36000 972 
37000 972 
38000 972 
39000 972 
40000 972 
41000 972 
42000 972 
43000 972 
44000 972 
45000 972 
46000 977 
47000 977 
48000 977 
49000 977 
50000 977 
51000 977 
52000 977 
53000 978 
54000 978 
55000 978 
56000 978 
57000 978 
58000 978 
59000 978 
60000 978 
61000 978 
62000 978 
63000 978 
64000 978 
65000 978 
66000 978 
67000 978 
68000 978 
69000 978 
70000 978 
71000 978 
72000 978 
73000 978 
74000 978 
75000 978 
76000 978 
77000 978 
78000 978 
79000 978 
80000 978 
81000 978 
82000 978 
83000 978 
84000 978 
85000 978 
86000 978 
87000 978 
88000 978 
89000 978 
90000 978 
91000 978 
92000 978 
93000 978 
94000 978 
95000 978 
96000 978 
97000 978 
98000 978 
99000 978 
100000 978 
101000 978 
102000 978 
103000 978 
104000 978 
105000 978 
106000 978 
107000 978 
108000 978 
109000 978 
110000 978 
111000 978 
112000 978 
113000 978 
114000 978 
115000 978 
116000 978 
117000 978 
118000 978 
119000 978 
120000 978 
121000 978 
122000 978 
123000 978 
124000 978 
125000 978 
126000 978 
127000 978 
128000 978 
129000 978 
130000 978 
131000 978 
132000 978 
133000 978 
134000 978 
135000 978 
136000 978 
137000 978 
138000 978 
139000 978 
140000 978 
141000 978 
142000 978 
143000 978 
144000 978 
145000 978 
146000 978 
147000 978 
148000 978 
149000 978 
150000 978 
151000 978 
152000 978 
153000 978 
154000 978 
155000 978 
156000 978 
157000 978 
158000 978 
159000 978 
160000 978 
161000 978 
162000 978 
163000 978 
164000 978 
165000 978 
166000 978 
167000 978 
168000 978 
169000 978 
170000 978 
171000 978 
172000 978 
173000 978 
174000 978 
175000 978 
176000 978 
177000 978 
178000 978 
179000 978 
180000 978 
181000 978 
182000 978 
183000 978 
184000 978 
185000 978 
186000 978 
187000 978 
188000 978 
189000 978 
190000 978 
191000 978 
192000 978 
193000 978 
194000 978 
195000 978 
196000 978 
197000 978 
198000 978 
199000 978 
200000 978 
201000 978 
202000 978 
203000 978 
204000 978 
205000 978 
206000 978 
207000 978 
208000 978 
209000 978 
210000 978 
211000 978 
212000 978 
213000 979 
214000 979 
215000 979 
216000 979 
217000 979 
218000 979 
219000 979 
220000 979 
221000 979 
222000 979 
223000 979 
224000 979 
225000 979 
226000 979 
227000 979 
228000 979 
229000 979 
230000 979 
231000 979 
232000 979 
233000 979 
234000 979 
235000 979 
236000 979 
237000 979 
238000 979 
239000 979 
240000 979 
241000 979 
242000 979 
243000 979 
244000 979 
245000 979 
246000 979 
247000 979 
248000 979 
249000 979 
250000 979 
1000 966 
2000 966 
3000 966 
4000 970 
5000 970 
6000 972 
7000 972 
8000 972 
9000 972 
10000 972 
11000 972 
12000 972 
13000 972 
14000 972 
15000 972 
16000 972 
17000 972 
18000 972 
19000 972 
20000 972 
21000 972 
22000 972 
23000 972 
24000 972 
25000 972 
26000 972 
27000 972 
28000 972 
29000 972 
30000 972 
31000 972 
32000 972 
33000 972 
34000 972 
35000 972 
36000 972 
37000 972 
38000 972 
39000 972 
40000 972 
41000 972 
42000 972 
43000 972 
44000 972 
45000 973 
46000 973 
47000 973 
48000 973 
49000 973 
50000 973 
51000 973 
52000 973 
53000 973 
54000 973 
55000 973 
56000 973 
57000 973 
58000 973 
59000 973 
60000 973 
61000 973 
62000 973 
63000 973 
64000 973 
65000 973 
66000 973 
67000 973 
68000 973 
69000 973 
70000 973 
71000 973 
72000 973 
73000 973 
74000 973 
75000 973 
76000 973 
77000 973 
78000 973 
79000 973 
80000 973 
81000 973 
82000 973 
83000 973 
84000 973 
85000 973 
86000 973 
87000 973 
88000 973 
89000 973 
90000 973 
91000 973 
92000 973 
93000 973 
94000 973 
95000 973 
96000 973 
97000 973 
98000 973 
99000 973 
100000 973 
101000 973 
102000 973 
103000 973 
104000 973 
105000 977 
106000 977 
107000 977 
108000 977 
109000 977 
110000 977 
111000 977 
112000 977 
113000 977 
114000 977 
115000 977 
116000 977 
117000 977 
118000 977 
119000 977 
120000 977 
121000 977 
122000 977 
123000 977 
124000 977 
125000 977 
126000 977 
127000 977 
128000 977 
129000 977 
130000 977 
131000 977 
132000 977 
133000 977 
134000 977 
135000 977 
136000 977 
137000 977 
138000 977 
139000 977 
140000 977 
141000 977 
142000 977 
143000 977 
144000 977 
145000 977 
146000 977 
147000 977 
148000 977 
149000 977 
150000 977 
151000 977 
152000 977 
153000 977 
154000 977 
155000 977 
156000 977 
157000 977 
158000 977 
159000 977 
160000 977 
161000 977 
162000 977 
163000 977 
164000 977 
165000 977 
166000 977 
167000 977 
168000 977 
169000 977 
170000 977 
171000 977 
172000 977 
173000 977 
174000 977 
175000 977 
176000 977 
177000 977 
178000 977 
179000 977 
180000 977 
181000 977 
182000 977 
183000 977 
184000 977 
185000 977 
186000 977 
187000 977 
188000 977 
189000 977 
190000 977 
191000 977 
192000 977 
193000 977 
194000 977 
195000 977 
196000 977 
197000 977 
198000 977 
199000 977 
200000 977 
201000 977 
202000 977 
203000 977 
204000 977 
205000 977 
206000 977 
207000 977 
208000 977 
209000 977 
210000 977 
211000 977 
212000 977 
213000 977 
214000 977 
215000 977 
216000 977 
217000 977 
218000 977 
219000 977 
220000 977 
221000 977 
222000 977 
223000 977 
224000 977 
225000 977 
226000 977 
227000 977 
228000 977 
229000 977 
230000 977 
231000 977 
232000 977 
233000 977 
234000 977 
235000 977 
236000 977 
237000 977 
238000 977 
239000 977 
240000 977 
241000 977 
242000 977 
243000 977 
244000 977 
245000 977 
246000 977 
247000 977 
248000 977 
249000 977 
