1000 962 
2000 966 
3000 972 
4000 972 
5000 972 
6000 972 
7000 972 
8000 972 
9000 972 
10000 974 
11000 974 
12000 974 
13000 974 
14000 974 
15000 974 
16000 974 
17000 974 
18000 974 
19000 974 
20000 974 
21000 974 
22000 974 
23000 974 
24000 974 
25000 974 
26000 974 
27000 974 
28000 974 
29000 974 
30000 974 
31000 974 
32000 974 
33000 974 
34000 974 
35000 974 
36000 974 
37000 974 
38000 974 
39000 974 
40000 974 
41000 974 
42000 974 
43000 974 
44000 974 
45000 974 
46000 974 
47000 974 
48000 974 
49000 974 
50000 974 
51000 974 
52000 974 
53000 974 
54000 974 
55000 974 
56000 974 
57000 974 
58000 974 
59000 974 
60000 974 
61000 977 
62000 977 
63000 977 
64000 977 
65000 977 
66000 977 
67000 977 
68000 977 
69000 977 
70000 977 
71000 977 
72000 977 
73000 977 
74000 977 
75000 977 
76000 977 
77000 977 
78000 977 
79000 977 
80000 977 
81000 977 
82000 977 
83000 977 
84000 977 
85000 977 
86000 977 
87000 977 
88000 977 
89000 977 
90000 977 
91000 977 
92000 977 
93000 977 
94000 977 
95000 977 
96000 977 
97000 977 
98000 977 
99000 977 
100000 977 
101000 977 
102000 977 
103000 977 
104000 977 
105000 977 
106000 977 
107000 977 
108000 977 
109000 977 
110000 977 
111000 977 
112000 977 
113000 977 
114000 977 
115000 977 
116000 977 
117000 977 
118000 977 
119000 977 
120000 977 
121000 977 
122000 977 
123000 977 
124000 977 
125000 977 
126000 977 
127000 977 
128000 977 
129000 977 
130000 977 
131000 977 
132000 977 
133000 977 
134000 977 
135000 977 
136000 977 
137000 977 
138000 977 
139000 977 
140000 977 
141000 977 
142000 977 
143000 977 
144000 977 
145000 977 
146000 977 
147000 977 
148000 977 
149000 977 
150000 977 
151000 977 
152000 977 
153000 977 
154000 977 
155000 977 
156000 977 
157000 977 
158000 977 
159000 977 
160000 977 
161000 977 
162000 977 
163000 977 
164000 977 
165000 977 
166000 977 
167000 977 
168000 977 
169000 977 
170000 977 
171000 977 
172000 977 
173000 977 
174000 977 
175000 977 
176000 977 
177000 977 
178000 977 
179000 977 
180000 977 
181000 977 
182000 977 
183000 977 
184000 977 
185000 977 
186000 977 
187000 977 
188000 977 
189000 977 
190000 977 
191000 977 
192000 977 
193000 977 
194000 977 
195000 977 
196000 977 
197000 977 
198000 977 
199000 977 
200000 977 
201000 977 
202000 977 
203000 977 
204000 977 
205000 977 
206000 977 
207000 977 
208000 977 
209000 977 
210000 977 
211000 977 
212000 977 
213000 977 
214000 977 
215000 977 
216000 977 
217000 977 
218000 977 
219000 977 
220000 977 
221000 977 
222000 977 
223000 977 
224000 977 
225000 977 
226000 977 
227000 977 
228000 977 
229000 977 
230000 977 
231000 977 
232000 977 
233000 977 
234000 977 
235000 977 
236000 977 
237000 977 
238000 977 
239000 977 
240000 977 
241000 977 
242000 977 
243000 977 
244000 977 
245000 977 
246000 977 
247000 977 
248000 977 
249000 977 
250000 977 
1000 967 
2000 970 
3000 970 
4000 970 
5000 970 
6000 970 
7000 970 
8000 970 
9000 970 
10000 970 
11000 970 
12000 970 
13000 970 
14000 970 
15000 970 
16000 970 
17000 972 
18000 972 
19000 972 
20000 972 
21000 972 
22000 972 
23000 972 
24000 972 
25000 972 
26000 979 
27000 979 
28000 979 
29000 979 
30000 979 
31000 979 
32000 979 
33000 979 
34000 979 
35000 979 
36000 979 
37000 979 
38000 979 
39000 979 
40000 979 
41000 979 
42000 979 
43000 979 
44000 979 
45000 979 
46000 979 
47000 979 
48000 979 
49000 979 
50000 979 
51000 979 
52000 979 
53000 979 
54000 979 
55000 979 
56000 979 
57000 979 
58000 979 
59000 979 
60000 979 
61000 979 
62000 979 
63000 979 
64000 979 
65000 979 
66000 979 
67000 979 
68000 979 
69000 979 
70000 979 
71000 979 
72000 979 
73000 979 
74000 979 
75000 979 
76000 979 
77000 979 
78000 979 
79000 979 
80000 979 
81000 979 
82000 979 
83000 979 
84000 979 
85000 979 
86000 979 
87000 979 
88000 979 
89000 979 
90000 979 
91000 979 
92000 979 
93000 979 
94000 979 
95000 979 
96000 979 
97000 979 
98000 979 
99000 979 
100000 979 
101000 979 
102000 979 
103000 979 
104000 979 
105000 979 
106000 979 
107000 979 
108000 979 
109000 979 
110000 979 
111000 979 
112000 979 
113000 979 
114000 979 
115000 979 
116000 979 
117000 979 
118000 979 
119000 979 
120000 979 
121000 979 
122000 979 
123000 979 
124000 979 
125000 979 
126000 979 
127000 979 
128000 979 
129000 979 
130000 979 
131000 979 
132000 979 
133000 979 
134000 979 
135000 979 
136000 979 
137000 979 
138000 979 
139000 979 
140000 979 
141000 979 
142000 979 
143000 979 
144000 979 
145000 979 
146000 979 
147000 979 
148000 979 
149000 979 
150000 979 
151000 981 
152000 981 
153000 981 
154000 981 
155000 981 
156000 981 
157000 981 
158000 981 
159000 981 
160000 981 
161000 981 
162000 981 
163000 981 
164000 981 
165000 981 
166000 981 
167000 981 
168000 981 
169000 981 
170000 981 
171000 981 
172000 981 
173000 981 
174000 981 
175000 981 
176000 981 
177000 981 
178000 981 
179000 981 
180000 981 
181000 981 
182000 981 
183000 981 
184000 981 
185000 981 
186000 981 
187000 981 
188000 981 
189000 981 
190000 981 
191000 981 
192000 981 
193000 981 
194000 981 
195000 981 
196000 981 
197000 981 
198000 981 
199000 981 
200000 981 
201000 981 
202000 981 
203000 981 
204000 981 
205000 981 
206000 981 
207000 981 
208000 981 
209000 981 
210000 981 
211000 981 
212000 981 
213000 981 
214000 981 
215000 981 
216000 981 
217000 981 
218000 981 
219000 981 
220000 981 
221000 981 
222000 981 
223000 981 
224000 981 
225000 981 
226000 981 
227000 981 
228000 981 
229000 981 
230000 981 
231000 981 
232000 981 
233000 981 
234000 981 
235000 981 
236000 981 
237000 981 
238000 981 
239000 981 
240000 981 
241000 981 
242000 981 
243000 981 
244000 981 
245000 981 
246000 981 
247000 981 
248000 981 
249000 981 
