1000 974 
2000 974 
3000 982 
4000 982 
5000 982 
6000 982 
7000 982 
8000 982 
9000 982 
10000 982 
1000 968 
2000 968 
3000 968 
4000 968 
5000 968 
6000 968 
7000 968 
8000 968 
9000 968 
10000 970 
11000 970 
12000 970 
13000 970 
14000 970 
15000 973 
16000 973 
17000 973 
18000 973 
19000 973 
20000 973 
21000 973 
22000 973 
23000 973 
24000 973 
25000 973 
26000 973 
27000 973 
28000 973 
29000 973 
30000 973 
31000 973 
32000 973 
33000 973 
34000 973 
35000 973 
36000 973 
37000 973 
38000 973 
39000 973 
40000 973 
41000 973 
42000 973 
43000 973 
44000 973 
45000 973 
46000 973 
47000 973 
48000 973 
49000 973 
50000 973 
51000 973 
52000 973 
53000 973 
54000 973 
55000 973 
56000 973 
57000 973 
58000 973 
59000 973 
60000 973 
61000 973 
62000 974 
63000 975 
64000 975 
65000 975 
66000 975 
67000 976 
68000 976 
69000 976 
70000 976 
71000 976 
72000 976 
73000 976 
74000 976 
75000 976 
76000 976 
77000 976 
78000 976 
79000 976 
80000 976 
81000 976 
82000 976 
83000 976 
84000 976 
85000 976 
86000 976 
87000 976 
88000 976 
89000 976 
90000 976 
91000 976 
92000 976 
93000 976 
94000 976 
95000 976 
96000 976 
97000 976 
98000 976 
99000 976 
100000 976 
101000 976 
102000 976 
103000 976 
104000 976 
105000 976 
106000 976 
107000 976 
108000 979 
109000 979 
110000 979 
111000 979 
112000 979 
113000 979 
114000 979 
115000 979 
116000 979 
117000 979 
118000 979 
119000 979 
120000 979 
121000 979 
122000 979 
123000 979 
124000 979 
125000 979 
126000 979 
127000 979 
128000 979 
129000 979 
130000 979 
131000 979 
132000 979 
133000 979 
134000 979 
135000 979 
136000 979 
137000 979 
138000 979 
139000 979 
140000 979 
141000 979 
142000 979 
143000 979 
144000 979 
145000 979 
146000 979 
147000 979 
148000 979 
149000 979 
150000 979 
151000 979 
152000 979 
153000 979 
154000 979 
155000 979 
156000 979 
157000 979 
158000 979 
159000 979 
160000 979 
161000 979 
162000 979 
163000 979 
164000 979 
165000 979 
166000 979 
167000 979 
168000 979 
169000 979 
170000 979 
171000 979 
172000 979 
173000 979 
174000 979 
175000 979 
176000 979 
177000 979 
178000 979 
179000 979 
180000 979 
181000 979 
182000 979 
183000 979 
184000 979 
185000 979 
186000 979 
187000 979 
188000 979 
189000 979 
190000 979 
191000 979 
192000 979 
193000 979 
194000 979 
195000 979 
196000 979 
197000 979 
198000 979 
199000 979 
200000 979 
201000 979 
202000 979 
203000 979 
204000 979 
205000 979 
206000 979 
207000 979 
208000 979 
209000 979 
210000 979 
211000 979 
212000 979 
213000 979 
214000 979 
215000 979 
216000 979 
217000 979 
218000 979 
219000 979 
220000 979 
221000 979 
222000 979 
223000 979 
224000 979 
225000 979 
226000 979 
227000 979 
228000 979 
229000 979 
230000 979 
231000 979 
232000 979 
233000 979 
234000 979 
235000 979 
236000 979 
237000 979 
238000 979 
239000 979 
240000 979 
241000 979 
242000 979 
243000 979 
244000 979 
245000 979 
246000 979 
247000 979 
248000 979 
249000 979 
