1000 971 
2000 971 
3000 971 
4000 971 
5000 973 
6000 973 
7000 973 
8000 973 
9000 973 
10000 973 
11000 973 
12000 973 
13000 973 
14000 973 
15000 973 
16000 973 
17000 973 
18000 973 
19000 973 
20000 973 
21000 973 
22000 973 
23000 973 
24000 973 
25000 973 
26000 973 
27000 973 
28000 973 
29000 973 
30000 973 
31000 973 
32000 973 
33000 973 
34000 973 
35000 973 
36000 973 
37000 973 
38000 973 
39000 973 
40000 973 
41000 973 
42000 973 
43000 973 
44000 973 
45000 973 
46000 973 
47000 973 
48000 973 
49000 973 
50000 973 
51000 973 
52000 973 
53000 973 
54000 973 
55000 973 
56000 973 
57000 973 
58000 973 
59000 973 
60000 973 
61000 973 
62000 973 
63000 973 
64000 973 
65000 973 
66000 973 
67000 973 
68000 973 
69000 973 
70000 973 
71000 973 
72000 973 
73000 973 
74000 973 
75000 973 
76000 973 
77000 973 
78000 973 
79000 973 
80000 973 
81000 973 
82000 973 
83000 973 
84000 973 
85000 973 
86000 973 
87000 973 
88000 973 
89000 973 
90000 973 
91000 973 
92000 973 
93000 973 
94000 973 
95000 973 
96000 973 
97000 973 
98000 973 
99000 973 
100000 973 
101000 973 
102000 973 
103000 973 
104000 973 
105000 973 
106000 973 
107000 973 
108000 973 
109000 973 
110000 973 
111000 973 
112000 973 
113000 973 
114000 973 
115000 973 
116000 973 
117000 973 
118000 973 
119000 973 
120000 976 
121000 976 
122000 976 
123000 976 
124000 976 
125000 976 
126000 976 
127000 976 
128000 976 
129000 976 
130000 976 
131000 976 
132000 976 
133000 976 
134000 976 
135000 976 
136000 976 
137000 976 
138000 976 
139000 976 
140000 976 
141000 976 
142000 976 
143000 976 
144000 976 
145000 976 
146000 976 
147000 976 
148000 976 
149000 976 
150000 976 
151000 976 
152000 976 
153000 976 
154000 976 
155000 976 
156000 976 
157000 976 
158000 976 
159000 976 
160000 976 
161000 976 
162000 976 
163000 976 
164000 976 
165000 976 
166000 976 
167000 976 
168000 976 
169000 976 
170000 976 
171000 976 
172000 976 
173000 976 
174000 976 
175000 976 
176000 976 
177000 976 
178000 976 
179000 976 
180000 976 
181000 976 
182000 976 
183000 976 
184000 976 
185000 976 
186000 976 
187000 976 
188000 976 
189000 976 
190000 976 
191000 976 
192000 976 
193000 976 
194000 976 
195000 976 
196000 976 
197000 976 
198000 976 
199000 976 
200000 976 
201000 976 
202000 976 
203000 976 
204000 976 
205000 976 
206000 976 
207000 976 
208000 976 
209000 976 
210000 976 
211000 976 
212000 976 
213000 976 
214000 976 
215000 976 
216000 976 
217000 976 
218000 976 
219000 976 
220000 976 
221000 976 
222000 976 
223000 976 
224000 976 
225000 976 
226000 976 
227000 976 
228000 976 
229000 976 
230000 976 
231000 976 
232000 976 
233000 976 
234000 976 
235000 976 
236000 976 
237000 976 
238000 976 
239000 976 
240000 976 
241000 976 
242000 976 
243000 976 
244000 976 
245000 976 
246000 976 
247000 976 
248000 976 
249000 976 
250000 976 
1000 964 
2000 966 
3000 966 
4000 968 
5000 968 
6000 968 
7000 973 
8000 973 
9000 973 
10000 973 
11000 973 
12000 973 
13000 973 
14000 973 
15000 975 
16000 975 
17000 975 
18000 975 
19000 975 
20000 975 
21000 975 
22000 975 
23000 975 
24000 975 
25000 975 
26000 975 
27000 975 
28000 975 
29000 975 
30000 975 
31000 975 
32000 975 
33000 975 
34000 975 
35000 975 
36000 975 
37000 975 
38000 975 
39000 975 
40000 975 
41000 975 
42000 975 
43000 975 
44000 979 
45000 979 
46000 979 
47000 979 
48000 979 
49000 979 
50000 979 
51000 979 
52000 979 
53000 979 
54000 979 
55000 979 
56000 979 
57000 979 
58000 979 
59000 979 
60000 979 
61000 979 
62000 979 
63000 979 
64000 979 
65000 979 
66000 979 
67000 979 
68000 979 
69000 979 
70000 979 
71000 979 
72000 979 
73000 979 
74000 979 
75000 979 
76000 979 
77000 979 
78000 979 
79000 979 
80000 979 
81000 979 
82000 979 
83000 979 
84000 979 
85000 979 
86000 979 
87000 979 
88000 979 
89000 979 
90000 979 
91000 979 
92000 979 
93000 979 
94000 979 
95000 979 
96000 979 
97000 979 
98000 979 
99000 979 
100000 979 
101000 979 
102000 979 
103000 979 
104000 979 
105000 979 
106000 979 
107000 979 
108000 979 
109000 979 
110000 979 
111000 979 
112000 979 
113000 979 
114000 979 
115000 982 
116000 982 
117000 982 
118000 982 
119000 982 
120000 982 
121000 982 
122000 982 
123000 982 
124000 982 
125000 982 
126000 982 
127000 982 
128000 982 
129000 982 
130000 982 
131000 982 
132000 982 
133000 982 
134000 982 
135000 982 
136000 982 
137000 982 
138000 982 
139000 982 
140000 982 
141000 982 
142000 982 
143000 982 
144000 982 
145000 982 
146000 982 
147000 982 
148000 982 
149000 982 
150000 982 
151000 982 
152000 982 
153000 982 
154000 982 
155000 982 
156000 982 
157000 982 
158000 982 
159000 982 
160000 982 
161000 982 
162000 982 
163000 982 
164000 982 
165000 982 
166000 982 
167000 982 
168000 982 
169000 982 
170000 982 
171000 982 
172000 982 
173000 982 
174000 982 
175000 982 
176000 982 
177000 982 
178000 982 
179000 982 
180000 982 
181000 982 
182000 982 
183000 982 
184000 982 
185000 982 
186000 982 
187000 982 
188000 982 
189000 982 
190000 982 
191000 982 
192000 982 
193000 982 
194000 982 
195000 982 
196000 982 
197000 982 
198000 982 
199000 982 
200000 982 
201000 982 
202000 982 
203000 982 
204000 982 
205000 982 
206000 982 
207000 982 
208000 982 
209000 982 
210000 982 
211000 982 
212000 982 
213000 982 
214000 982 
215000 982 
216000 982 
217000 982 
218000 982 
219000 982 
220000 982 
221000 982 
222000 982 
223000 982 
224000 982 
225000 982 
226000 982 
227000 982 
228000 982 
229000 982 
230000 982 
231000 982 
232000 982 
233000 982 
234000 982 
235000 982 
236000 982 
237000 982 
238000 982 
239000 982 
240000 982 
241000 982 
242000 982 
243000 982 
244000 982 
245000 982 
246000 982 
247000 982 
248000 982 
249000 982 
