1000 964 
2000 964 
3000 968 
4000 968 
5000 968 
6000 968 
7000 968 
8000 971 
9000 971 
10000 971 
11000 971 
12000 971 
13000 971 
14000 971 
15000 971 
16000 973 
17000 973 
18000 973 
19000 973 
20000 973 
21000 973 
22000 983 
23000 983 
24000 983 
25000 983 
26000 983 
27000 983 
28000 983 
29000 983 
30000 983 
31000 983 
32000 983 
33000 983 
34000 983 
35000 983 
36000 983 
37000 983 
38000 983 
39000 983 
40000 983 
41000 983 
42000 983 
43000 983 
44000 983 
45000 983 
46000 983 
47000 983 
48000 983 
49000 983 
50000 983 
51000 983 
52000 983 
53000 983 
54000 983 
55000 983 
56000 983 
57000 983 
58000 983 
59000 983 
60000 983 
61000 983 
62000 983 
63000 983 
64000 983 
65000 983 
66000 983 
67000 983 
68000 983 
69000 983 
70000 983 
71000 983 
72000 983 
73000 983 
74000 983 
75000 983 
76000 983 
77000 983 
78000 983 
79000 983 
80000 983 
81000 983 
82000 983 
83000 983 
84000 983 
85000 983 
86000 983 
87000 983 
88000 983 
89000 983 
90000 983 
91000 983 
92000 983 
93000 983 
94000 983 
95000 983 
96000 983 
97000 983 
98000 983 
99000 983 
100000 983 
101000 983 
102000 983 
103000 983 
104000 983 
105000 983 
106000 983 
107000 983 
108000 983 
109000 983 
110000 983 
111000 983 
112000 983 
113000 983 
114000 983 
115000 983 
116000 983 
117000 983 
118000 983 
119000 983 
120000 983 
121000 983 
122000 983 
123000 983 
124000 983 
125000 983 
126000 983 
127000 983 
128000 983 
129000 983 
130000 983 
131000 983 
132000 983 
133000 983 
134000 983 
135000 983 
136000 983 
137000 983 
138000 983 
139000 983 
140000 983 
141000 983 
142000 983 
143000 983 
144000 983 
145000 983 
146000 983 
147000 983 
148000 983 
149000 983 
150000 983 
151000 983 
152000 983 
153000 983 
154000 983 
155000 983 
156000 983 
157000 983 
158000 983 
159000 983 
160000 983 
161000 983 
162000 983 
163000 983 
164000 983 
165000 983 
166000 983 
167000 983 
168000 983 
169000 983 
170000 983 
171000 983 
172000 983 
173000 983 
174000 983 
175000 983 
176000 983 
177000 983 
178000 983 
179000 983 
180000 983 
181000 983 
182000 983 
183000 983 
184000 983 
185000 983 
186000 983 
187000 983 
188000 983 
189000 983 
190000 983 
191000 983 
192000 983 
193000 983 
194000 983 
195000 983 
196000 983 
197000 983 
198000 983 
199000 983 
200000 983 
201000 983 
202000 983 
203000 983 
204000 983 
205000 983 
206000 983 
207000 983 
208000 983 
209000 983 
210000 983 
211000 983 
212000 983 
213000 983 
214000 983 
215000 983 
216000 983 
217000 983 
218000 983 
219000 983 
220000 983 
221000 983 
222000 983 
223000 983 
224000 983 
225000 983 
226000 983 
227000 983 
228000 983 
229000 983 
230000 983 
231000 983 
232000 983 
233000 983 
234000 983 
235000 983 
236000 983 
237000 983 
238000 983 
239000 983 
240000 983 
241000 983 
242000 983 
243000 983 
244000 983 
245000 983 
246000 983 
247000 983 
248000 983 
249000 983 
250000 983 
1000 965 
2000 965 
3000 966 
4000 968 
5000 968 
6000 968 
7000 968 
8000 969 
9000 970 
10000 970 
11000 972 
12000 972 
13000 972 
14000 976 
15000 976 
16000 981 
17000 981 
18000 981 
19000 981 
20000 981 
21000 981 
22000 981 
23000 981 
24000 981 
25000 981 
26000 981 
27000 981 
28000 981 
29000 981 
30000 981 
31000 981 
32000 981 
33000 981 
34000 981 
35000 981 
36000 981 
37000 981 
38000 981 
39000 981 
40000 981 
41000 981 
42000 981 
43000 981 
44000 981 
45000 981 
46000 981 
47000 981 
48000 981 
49000 981 
50000 981 
51000 981 
52000 981 
53000 981 
54000 981 
55000 981 
56000 981 
57000 981 
58000 981 
59000 981 
60000 981 
61000 981 
62000 981 
63000 981 
64000 981 
65000 981 
66000 981 
67000 981 
68000 981 
69000 981 
70000 981 
71000 981 
72000 981 
73000 981 
74000 981 
75000 981 
76000 981 
77000 981 
78000 981 
79000 981 
80000 981 
81000 981 
82000 981 
83000 981 
84000 981 
85000 981 
86000 981 
87000 981 
88000 981 
89000 981 
90000 981 
91000 981 
92000 981 
93000 981 
94000 981 
95000 981 
96000 981 
97000 981 
98000 981 
99000 981 
100000 981 
101000 981 
102000 981 
103000 981 
104000 981 
105000 981 
106000 981 
107000 981 
108000 981 
109000 981 
110000 981 
111000 981 
112000 981 
113000 981 
114000 981 
115000 981 
116000 981 
117000 981 
118000 981 
119000 981 
120000 981 
121000 981 
122000 981 
123000 981 
124000 981 
125000 981 
126000 981 
127000 981 
128000 981 
129000 981 
130000 981 
131000 981 
132000 981 
133000 981 
134000 981 
135000 981 
136000 981 
137000 981 
138000 981 
139000 981 
140000 981 
141000 981 
142000 981 
143000 981 
144000 981 
145000 981 
146000 981 
147000 981 
148000 981 
149000 981 
150000 981 
151000 981 
152000 981 
153000 981 
154000 981 
155000 981 
156000 981 
157000 981 
158000 981 
159000 981 
160000 981 
161000 981 
162000 981 
163000 981 
164000 981 
165000 981 
166000 981 
167000 981 
168000 981 
169000 981 
170000 981 
171000 981 
172000 981 
173000 981 
174000 981 
175000 981 
176000 981 
177000 981 
178000 981 
179000 981 
180000 981 
181000 981 
182000 981 
183000 981 
184000 981 
185000 981 
186000 981 
187000 981 
188000 981 
189000 981 
190000 981 
191000 981 
192000 981 
193000 981 
194000 981 
195000 981 
196000 981 
197000 981 
198000 981 
199000 981 
200000 981 
201000 981 
202000 981 
203000 981 
204000 981 
205000 981 
206000 981 
207000 981 
208000 981 
209000 981 
210000 981 
211000 981 
212000 981 
213000 981 
214000 981 
215000 981 
216000 981 
217000 981 
218000 981 
219000 981 
220000 981 
221000 981 
222000 981 
223000 981 
224000 981 
225000 981 
226000 981 
227000 981 
228000 981 
229000 981 
230000 981 
231000 981 
232000 981 
233000 981 
234000 981 
235000 981 
236000 981 
237000 981 
238000 981 
239000 981 
240000 981 
241000 981 
242000 981 
243000 981 
244000 981 
245000 981 
246000 981 
247000 981 
248000 981 
249000 981 
