1000 974 
2000 974 
3000 974 
4000 974 
5000 974 
6000 976 
7000 976 
8000 976 
9000 976 
10000 976 
1000 968 
2000 968 
3000 968 
4000 968 
5000 968 
6000 968 
7000 968 
8000 968 
9000 968 
10000 972 
11000 972 
12000 972 
13000 972 
14000 972 
15000 972 
16000 972 
17000 972 
18000 972 
19000 972 
20000 972 
21000 972 
22000 972 
23000 972 
24000 972 
25000 972 
26000 972 
27000 975 
28000 975 
29000 975 
30000 975 
31000 975 
32000 975 
33000 975 
34000 975 
35000 975 
36000 975 
37000 977 
38000 977 
39000 977 
40000 977 
41000 977 
42000 977 
43000 977 
44000 977 
45000 977 
46000 977 
47000 977 
48000 977 
49000 977 
50000 977 
51000 977 
52000 977 
53000 977 
54000 977 
55000 977 
56000 977 
57000 977 
58000 977 
59000 977 
60000 977 
61000 977 
62000 977 
63000 977 
64000 977 
65000 977 
66000 977 
67000 977 
68000 977 
69000 977 
70000 977 
71000 977 
72000 977 
73000 977 
74000 977 
75000 977 
76000 977 
77000 977 
78000 977 
79000 977 
80000 977 
81000 977 
82000 977 
83000 977 
84000 977 
85000 977 
86000 977 
87000 977 
88000 977 
89000 977 
90000 977 
91000 977 
92000 977 
93000 977 
94000 977 
95000 977 
96000 977 
97000 977 
98000 977 
99000 977 
100000 977 
101000 977 
102000 977 
103000 977 
104000 977 
105000 977 
106000 977 
107000 977 
108000 977 
109000 977 
110000 977 
111000 977 
112000 977 
113000 977 
114000 977 
115000 977 
116000 977 
117000 977 
118000 977 
119000 977 
120000 977 
121000 977 
122000 977 
123000 977 
124000 977 
125000 977 
126000 977 
127000 977 
128000 977 
129000 977 
130000 977 
131000 977 
132000 977 
133000 977 
134000 977 
135000 977 
136000 978 
137000 978 
138000 978 
139000 978 
140000 978 
141000 978 
142000 978 
143000 978 
144000 978 
145000 978 
146000 978 
147000 978 
148000 978 
149000 978 
150000 978 
151000 978 
152000 978 
153000 978 
154000 978 
155000 978 
156000 978 
157000 978 
158000 978 
159000 978 
160000 978 
161000 978 
162000 978 
163000 978 
164000 978 
165000 978 
166000 978 
167000 978 
168000 978 
169000 978 
170000 978 
171000 978 
172000 978 
173000 978 
174000 978 
175000 978 
176000 978 
177000 978 
178000 978 
179000 978 
180000 978 
181000 978 
182000 978 
183000 978 
184000 978 
185000 978 
186000 978 
187000 978 
188000 978 
189000 978 
190000 978 
191000 978 
192000 978 
193000 978 
194000 978 
195000 978 
196000 978 
197000 978 
198000 978 
199000 978 
200000 978 
201000 978 
202000 978 
203000 978 
204000 978 
205000 978 
206000 978 
207000 978 
208000 978 
209000 978 
210000 978 
211000 978 
212000 978 
213000 978 
214000 978 
215000 978 
216000 978 
217000 978 
218000 978 
219000 978 
220000 978 
221000 978 
222000 978 
223000 978 
224000 978 
225000 978 
226000 978 
227000 978 
228000 978 
229000 978 
230000 978 
231000 978 
232000 978 
233000 978 
234000 978 
235000 978 
236000 978 
237000 978 
238000 978 
239000 978 
240000 978 
241000 978 
242000 978 
243000 978 
244000 978 
245000 978 
246000 978 
247000 978 
248000 978 
249000 978 
