1000 964 
2000 964 
3000 968 
4000 968 
5000 968 
6000 968 
7000 968 
8000 980 
9000 980 
10000 987 
11000 987 
12000 987 
13000 987 
14000 987 
15000 987 
16000 987 
17000 987 
18000 987 
19000 987 
20000 987 
21000 987 
22000 987 
23000 987 
24000 987 
25000 987 
26000 987 
27000 987 
28000 987 
29000 987 
30000 987 
31000 987 
32000 987 
33000 987 
34000 987 
35000 987 
36000 987 
37000 987 
38000 987 
39000 987 
40000 987 
41000 987 
42000 987 
43000 987 
44000 987 
45000 987 
46000 987 
47000 987 
48000 987 
49000 987 
50000 987 
51000 987 
52000 987 
53000 987 
54000 987 
55000 987 
56000 987 
57000 987 
58000 987 
59000 987 
60000 987 
61000 987 
62000 987 
63000 987 
64000 987 
65000 987 
66000 987 
67000 987 
68000 987 
69000 987 
70000 987 
71000 987 
72000 987 
73000 987 
74000 987 
75000 987 
76000 987 
77000 987 
78000 987 
79000 987 
80000 987 
81000 987 
82000 987 
83000 987 
84000 987 
85000 987 
86000 987 
87000 987 
88000 987 
89000 987 
90000 987 
91000 987 
92000 987 
93000 987 
94000 987 
95000 987 
96000 987 
97000 987 
98000 987 
99000 987 
100000 987 
101000 987 
102000 987 
103000 987 
104000 987 
105000 987 
106000 987 
107000 987 
108000 987 
109000 987 
110000 987 
111000 987 
112000 987 
113000 987 
114000 987 
115000 987 
116000 987 
117000 987 
118000 987 
119000 987 
120000 987 
121000 987 
122000 987 
123000 987 
124000 987 
125000 987 
126000 987 
127000 987 
128000 987 
129000 987 
130000 987 
131000 987 
132000 987 
133000 987 
134000 987 
135000 987 
136000 987 
137000 987 
138000 987 
139000 987 
140000 987 
141000 987 
142000 987 
143000 987 
144000 987 
145000 987 
146000 987 
147000 987 
148000 987 
149000 987 
150000 987 
151000 987 
152000 987 
153000 987 
154000 987 
155000 987 
156000 987 
157000 987 
158000 987 
159000 987 
160000 987 
161000 987 
162000 987 
163000 987 
164000 987 
165000 987 
166000 987 
167000 987 
168000 987 
169000 987 
170000 987 
171000 987 
172000 987 
173000 987 
174000 987 
175000 987 
176000 987 
177000 987 
178000 987 
179000 987 
180000 987 
181000 987 
182000 987 
183000 987 
184000 987 
185000 987 
186000 987 
187000 987 
188000 987 
189000 987 
190000 987 
191000 987 
192000 987 
193000 987 
194000 987 
195000 987 
196000 987 
197000 987 
198000 987 
199000 987 
200000 987 
201000 987 
202000 987 
203000 987 
204000 987 
205000 987 
206000 987 
207000 987 
208000 987 
209000 987 
210000 987 
211000 987 
212000 987 
213000 987 
214000 987 
215000 987 
216000 987 
217000 987 
218000 987 
219000 987 
220000 987 
221000 987 
222000 987 
223000 987 
224000 987 
225000 987 
226000 987 
227000 987 
228000 987 
229000 987 
230000 987 
231000 987 
232000 987 
233000 987 
234000 987 
235000 987 
236000 987 
237000 987 
238000 987 
239000 987 
240000 987 
241000 987 
242000 987 
243000 987 
244000 987 
245000 987 
246000 987 
247000 987 
248000 987 
249000 987 
250000 987 
1000 964 
2000 970 
3000 970 
4000 970 
5000 970 
6000 970 
7000 970 
8000 970 
9000 970 
10000 970 
11000 970 
12000 970 
13000 970 
14000 970 
15000 970 
16000 970 
17000 970 
18000 970 
19000 970 
20000 973 
21000 973 
22000 973 
23000 973 
24000 973 
25000 973 
26000 973 
27000 973 
28000 973 
29000 973 
30000 973 
31000 973 
32000 973 
33000 973 
34000 973 
35000 973 
36000 973 
37000 973 
38000 973 
39000 973 
40000 973 
41000 973 
42000 973 
43000 973 
44000 973 
45000 973 
46000 973 
47000 973 
48000 973 
49000 973 
50000 973 
51000 973 
52000 973 
53000 973 
54000 973 
55000 973 
56000 973 
57000 973 
58000 973 
59000 973 
60000 973 
61000 973 
62000 973 
63000 973 
64000 973 
65000 973 
66000 973 
67000 973 
68000 973 
69000 973 
70000 973 
71000 973 
72000 973 
73000 973 
74000 973 
75000 973 
76000 973 
77000 973 
78000 973 
79000 973 
80000 973 
81000 973 
82000 973 
83000 973 
84000 973 
85000 973 
86000 973 
87000 973 
88000 973 
89000 973 
90000 973 
91000 973 
92000 973 
93000 973 
94000 973 
95000 973 
96000 973 
97000 973 
98000 973 
99000 973 
100000 973 
101000 973 
102000 973 
103000 973 
104000 973 
105000 973 
106000 973 
107000 973 
108000 973 
109000 973 
110000 973 
111000 973 
112000 973 
113000 973 
114000 973 
115000 973 
116000 973 
117000 973 
118000 973 
119000 973 
120000 973 
121000 973 
122000 973 
123000 973 
124000 973 
125000 974 
126000 974 
127000 974 
128000 974 
129000 974 
130000 974 
131000 974 
132000 974 
133000 974 
134000 974 
135000 974 
136000 974 
137000 974 
138000 974 
139000 974 
140000 974 
141000 974 
142000 974 
143000 974 
144000 974 
145000 974 
146000 974 
147000 974 
148000 974 
149000 974 
150000 974 
151000 974 
152000 974 
153000 974 
154000 974 
155000 974 
156000 974 
157000 974 
158000 974 
159000 974 
160000 974 
161000 974 
162000 974 
163000 976 
164000 976 
165000 976 
166000 976 
167000 976 
168000 976 
169000 976 
170000 976 
171000 976 
172000 976 
173000 976 
174000 976 
175000 976 
176000 977 
177000 977 
178000 977 
179000 977 
180000 977 
181000 977 
182000 977 
183000 977 
184000 977 
185000 977 
186000 977 
187000 977 
188000 977 
189000 977 
190000 977 
191000 977 
192000 977 
193000 977 
194000 977 
195000 977 
196000 977 
197000 977 
198000 977 
199000 977 
200000 977 
201000 977 
202000 977 
203000 977 
204000 977 
205000 977 
206000 977 
207000 977 
208000 977 
209000 977 
210000 977 
211000 977 
212000 977 
213000 977 
214000 979 
215000 979 
216000 979 
217000 979 
218000 979 
219000 979 
220000 979 
221000 979 
222000 979 
223000 979 
224000 979 
225000 979 
226000 979 
227000 979 
228000 979 
229000 979 
230000 979 
231000 979 
232000 979 
233000 979 
234000 979 
235000 979 
236000 979 
237000 979 
238000 979 
239000 979 
240000 979 
241000 979 
242000 979 
243000 979 
244000 979 
245000 979 
246000 979 
247000 979 
248000 979 
249000 979 
