1000 89 
2000 89 
3000 89 
4000 89 
5000 90 
6000 90 
7000 90 
8000 90 
9000 91 
10000 91 
	91
Time: 6.10975
1000 89 
2000 89 
3000 89 
4000 89 
5000 89 
6000 89 
7000 89 
8000 89 
9000 90 
10000 90 
11000 90 
12000 90 
13000 90 
14000 90 
15000 90 
16000 90 
17000 90 
18000 90 
19000 90 
20000 90 
21000 90 
22000 90 
23000 90 
24000 90 
25000 90 
26000 90 
27000 90 
28000 90 
29000 90 
30000 90 
31000 90 
32000 90 
33000 90 
34000 90 
35000 90 
36000 90 
37000 90 
38000 90 
39000 90 
40000 90 
41000 90 
42000 90 
43000 90 
44000 90 
45000 90 
46000 90 
47000 90 
48000 90 
49000 90 
50000 90 
51000 90 
52000 90 
53000 90 
54000 90 
55000 90 
56000 90 
57000 90 
58000 90 
59000 90 
60000 90 
61000 91 
62000 91 
63000 91 
64000 91 
65000 91 
66000 91 
67000 91 
68000 91 
69000 91 
70000 91 
71000 91 
72000 91 
73000 91 
74000 91 
75000 91 
76000 91 
77000 91 
78000 91 
79000 91 
80000 91 
81000 91 
82000 91 
83000 91 
84000 91 
85000 91 
86000 91 
87000 91 
88000 91 
89000 91 
90000 91 
91000 91 
92000 91 
93000 91 
94000 91 
95000 91 
96000 91 
97000 91 
98000 91 
99000 91 
100000 91 
101000 91 
102000 91 
103000 91 
104000 91 
105000 91 
106000 91 
107000 91 
108000 91 
109000 91 
110000 91 
111000 91 
112000 91 
113000 91 
114000 91 
115000 91 
116000 91 
117000 91 
118000 91 
119000 91 
120000 91 
121000 91 
122000 91 
123000 91 
124000 91 
125000 91 
126000 91 
127000 91 
128000 91 
129000 91 
130000 91 
131000 91 
132000 91 
133000 91 
134000 91 
135000 91 
136000 91 
137000 91 
138000 91 
139000 91 
140000 91 
141000 91 
142000 91 
143000 91 
144000 91 
145000 91 
146000 91 
147000 91 
148000 91 
149000 91 
150000 91 
151000 91 
152000 91 
153000 91 
154000 91 
155000 91 
156000 91 
157000 91 
158000 91 
159000 91 
160000 91 
161000 91 
162000 91 
163000 91 
164000 91 
165000 91 
166000 91 
167000 91 
168000 91 
169000 91 
170000 91 
171000 91 
172000 91 
173000 91 
174000 91 
175000 91 
176000 91 
177000 91 
178000 91 
179000 91 
180000 91 
181000 91 
182000 91 
183000 91 
184000 91 
185000 91 
186000 91 
187000 91 
188000 91 
189000 91 
190000 91 
191000 91 
192000 91 
193000 91 
194000 91 
195000 91 
196000 91 
197000 91 
198000 91 
199000 91 
200000 91 
201000 91 
202000 91 
203000 91 
204000 91 
205000 91 
206000 91 
207000 91 
208000 91 
209000 91 
210000 91 
211000 91 
212000 91 
213000 91 
214000 91 
215000 91 
216000 91 
217000 91 
218000 91 
219000 91 
220000 91 
221000 91 
222000 91 
223000 91 
224000 91 
225000 91 
226000 91 
227000 91 
228000 91 
229000 91 
230000 91 
231000 91 
232000 91 
233000 91 
234000 91 
235000 91 
236000 91 
237000 91 
238000 91 
239000 91 
240000 91 
241000 91 
242000 91 
243000 91 
244000 91 
245000 91 
246000 91 
247000 91 
248000 91 
249000 91 
