1000 89 
2000 89 
3000 89 
4000 89 
5000 89 
6000 89 
7000 89 
8000 90 
9000 90 
10000 90 
11000 91 
12000 91 
13000 91 
14000 91 
15000 91 
16000 91 
17000 91 
18000 91 
19000 91 
20000 91 
21000 91 
22000 91 
23000 91 
24000 91 
25000 91 
26000 91 
27000 91 
28000 91 
29000 91 
30000 91 
31000 91 
32000 91 
33000 91 
34000 91 
35000 91 
36000 91 
37000 91 
38000 91 
39000 91 
40000 91 
41000 91 
42000 91 
43000 91 
44000 91 
45000 91 
46000 91 
47000 91 
48000 91 
49000 91 
50000 91 
51000 91 
52000 91 
53000 91 
54000 91 
55000 91 
56000 91 
57000 91 
58000 91 
59000 91 
60000 91 
61000 91 
62000 91 
63000 91 
64000 91 
65000 91 
66000 91 
67000 91 
68000 91 
69000 91 
70000 91 
71000 91 
72000 91 
73000 91 
74000 91 
75000 91 
76000 91 
77000 91 
78000 91 
79000 91 
80000 91 
81000 91 
82000 91 
83000 91 
84000 91 
85000 91 
86000 91 
87000 91 
88000 91 
89000 91 
90000 91 
91000 91 
92000 91 
93000 91 
94000 91 
95000 91 
96000 91 
97000 91 
98000 91 
99000 91 
100000 91 
101000 91 
102000 91 
103000 91 
104000 91 
105000 91 
106000 91 
107000 91 
108000 91 
109000 91 
110000 91 
111000 91 
112000 91 
113000 91 
114000 91 
115000 91 
116000 91 
117000 91 
118000 91 
119000 91 
120000 91 
121000 91 
122000 91 
123000 91 
124000 91 
125000 91 
126000 91 
127000 91 
128000 91 
129000 91 
130000 91 
131000 91 
132000 91 
133000 91 
134000 91 
135000 91 
136000 91 
137000 91 
138000 91 
139000 91 
140000 91 
141000 91 
142000 91 
143000 91 
144000 91 
145000 91 
146000 91 
147000 91 
148000 91 
149000 91 
150000 91 
151000 91 
152000 91 
153000 91 
154000 91 
155000 91 
156000 91 
157000 91 
158000 91 
159000 91 
160000 91 
161000 91 
162000 91 
163000 91 
164000 91 
165000 91 
166000 91 
167000 91 
168000 91 
169000 91 
170000 91 
171000 91 
172000 91 
173000 91 
174000 91 
175000 91 
176000 91 
177000 91 
178000 91 
179000 91 
180000 91 
181000 91 
182000 91 
183000 91 
184000 91 
185000 91 
186000 91 
187000 91 
188000 91 
189000 91 
190000 91 
191000 91 
192000 91 
193000 91 
194000 91 
195000 91 
196000 91 
197000 91 
198000 91 
199000 91 
200000 91 
201000 91 
202000 91 
203000 91 
204000 91 
205000 91 
206000 91 
207000 91 
208000 91 
209000 91 
210000 91 
211000 91 
212000 91 
213000 91 
214000 91 
215000 91 
216000 91 
217000 91 
218000 91 
219000 91 
220000 91 
221000 91 
222000 91 
223000 91 
224000 91 
225000 91 
226000 91 
227000 91 
228000 91 
229000 91 
230000 91 
231000 91 
232000 91 
233000 91 
234000 91 
235000 91 
236000 91 
237000 91 
238000 91 
239000 91 
240000 91 
241000 91 
242000 91 
243000 91 
244000 91 
245000 91 
246000 91 
247000 91 
248000 91 
249000 91 
250000 91 
	91
Time: 9.62568
1000 90 
2000 90 
3000 90 
4000 90 
5000 90 
6000 90 
7000 90 
8000 90 
9000 90 
10000 90 
11000 90 
12000 90 
13000 90 
14000 90 
15000 90 
16000 90 
17000 90 
18000 90 
19000 90 
20000 90 
21000 90 
22000 90 
23000 90 
24000 90 
25000 90 
26000 90 
27000 90 
28000 90 
29000 90 
30000 90 
31000 90 
32000 90 
33000 90 
34000 90 
35000 90 
36000 90 
37000 90 
38000 90 
39000 90 
40000 90 
41000 90 
42000 90 
43000 90 
44000 90 
45000 90 
46000 90 
47000 90 
48000 90 
49000 90 
50000 90 
51000 90 
52000 90 
53000 90 
54000 90 
55000 90 
56000 90 
57000 90 
58000 90 
59000 90 
60000 90 
61000 90 
62000 90 
63000 90 
64000 90 
65000 90 
66000 90 
67000 90 
68000 90 
69000 90 
70000 90 
71000 90 
72000 90 
73000 90 
74000 90 
75000 90 
76000 90 
77000 90 
78000 90 
79000 90 
80000 90 
81000 90 
82000 90 
83000 90 
84000 90 
85000 90 
86000 90 
87000 90 
88000 90 
89000 90 
90000 90 
91000 90 
92000 90 
93000 90 
94000 90 
95000 90 
96000 90 
97000 90 
98000 90 
99000 90 
100000 90 
101000 90 
102000 90 
103000 90 
104000 90 
105000 90 
106000 90 
107000 90 
108000 90 
109000 90 
110000 90 
111000 90 
112000 90 
113000 90 
114000 90 
115000 90 
116000 90 
117000 90 
118000 90 
119000 90 
120000 90 
121000 90 
122000 90 
123000 90 
124000 90 
125000 90 
126000 90 
127000 90 
128000 90 
129000 90 
130000 90 
131000 90 
132000 90 
133000 90 
134000 90 
135000 90 
136000 90 
137000 90 
138000 90 
139000 90 
140000 90 
141000 90 
142000 90 
143000 90 
144000 91 
145000 91 
146000 91 
147000 91 
148000 91 
149000 91 
150000 91 
151000 91 
152000 91 
153000 91 
154000 91 
155000 91 
156000 91 
157000 91 
158000 91 
159000 91 
160000 91 
161000 91 
162000 91 
163000 91 
164000 91 
165000 91 
166000 91 
167000 91 
168000 91 
169000 91 
170000 91 
171000 91 
172000 91 
173000 91 
174000 91 
175000 91 
176000 91 
177000 91 
178000 91 
179000 91 
180000 91 
181000 91 
182000 91 
183000 91 
184000 91 
185000 91 
186000 91 
187000 91 
188000 91 
189000 91 
190000 91 
191000 91 
192000 91 
193000 91 
194000 91 
195000 91 
196000 91 
197000 91 
198000 91 
199000 91 
200000 91 
201000 91 
202000 91 
203000 91 
204000 91 
205000 91 
206000 91 
207000 91 
208000 91 
209000 91 
210000 91 
211000 91 
212000 91 
213000 91 
214000 91 
215000 91 
216000 91 
217000 91 
218000 91 
219000 91 
220000 91 
221000 91 
222000 91 
223000 91 
224000 91 
225000 91 
226000 91 
227000 91 
228000 91 
229000 91 
230000 91 
231000 91 
232000 91 
233000 91 
234000 91 
235000 91 
236000 91 
237000 91 
238000 91 
239000 91 
240000 91 
241000 91 
242000 91 
243000 91 
244000 91 
245000 91 
246000 91 
247000 91 
248000 91 
249000 91 
